1.043966487050056458e-01
1.458232756704092026e-02
8.802714757621288300e-03
6.982798222452402115e-03
5.898750852793455124e-03
5.169152282178401947e-03
4.642504267394542694e-03
4.307884722948074341e-03
3.964495379477739334e-03
3.745740745216608047e-03
3.477251855656504631e-03
3.359557129442691803e-03
3.224754240363836288e-03
3.090290352702140808e-03
2.954248106107115746e-03
2.877614460885524750e-03
2.740940079092979431e-03
2.669696463271975517e-03
2.539363922551274300e-03
2.522383816540241241e-03
2.483916701748967171e-03
2.493783598765730858e-03
2.328798174858093262e-03
2.291473327204585075e-03
2.242740709334611893e-03
2.211168641224503517e-03
2.157414099201560020e-03
2.124446211382746696e-03
2.075049560517072678e-03
2.020165091380476952e-03
2.014979487285017967e-03
1.932208193466067314e-03
1.940613961778581142e-03
1.917818561196327209e-03
1.871761865913867950e-03
1.852498040534555912e-03
1.792886527255177498e-03
1.784568419679999352e-03
1.718571060337126255e-03
1.657622982747852802e-03
1.639673602767288685e-03
1.617599627934396267e-03
1.613692962564527988e-03
1.558282878249883652e-03
1.582015305757522583e-03
1.545762293972074986e-03
1.505129039287567139e-03
1.495526521466672421e-03
1.490111812017858028e-03
1.481254934333264828e-03
1.481897546909749508e-03
1.496737473644316196e-03
1.477139885537326336e-03
1.468612113967537880e-03
1.424181857146322727e-03
1.435519312508404255e-03
1.443516928702592850e-03
1.412049750797450542e-03
1.405922463163733482e-03
1.393708516843616962e-03
1.405013259500265121e-03
1.427059411071240902e-03
1.349721453152596951e-03
1.321813208051025867e-03
1.323563628830015659e-03
1.324368058703839779e-03
1.321710995398461819e-03
1.304176752455532551e-03
1.306549878790974617e-03
1.293568406254053116e-03
1.256096409633755684e-03
1.250538276508450508e-03
1.244238461367785931e-03
1.239898498170077801e-03
1.233979826793074608e-03
1.228868146426975727e-03
1.218095421791076660e-03
1.215269323438405991e-03
1.197756384499371052e-03
1.216234057210385799e-03
1.181869069114327431e-03
1.143783214502036572e-03
1.157748745754361153e-03
1.123577007092535496e-03
1.144855632446706295e-03
1.114916289225220680e-03
1.087528071366250515e-03
1.111123361624777317e-03
1.103642047382891178e-03
1.102205016650259495e-03
1.070304657332599163e-03
1.062730210833251476e-03
1.105802250094711781e-03
1.050106715410947800e-03
1.048702397383749485e-03
1.046958379447460175e-03
1.050510327331721783e-03
1.051170402206480503e-03
1.010397798381745815e-03
1.021401374600827694e-03
1.025802455842494965e-03
1.020718947984278202e-03
1.006556558422744274e-03
1.001577707938849926e-03
9.802782442420721054e-04
1.004868070594966412e-03
9.545544744469225407e-04
9.778179228305816650e-04
9.554839343763887882e-04
9.636665927246212959e-04
9.819708066061139107e-04
9.666408877819776535e-04
9.519514860585331917e-04
9.255041368305683136e-04
9.497026330791413784e-04
9.363041026517748833e-04
9.372315253131091595e-04
9.276298223994672298e-04
9.001622092910110950e-04
8.956453530117869377e-04
8.914672653190791607e-04
9.020034340210258961e-04
8.882943657226860523e-04
8.839663933031260967e-04
8.781698415987193584e-04
8.833524771034717560e-04
8.589550270698964596e-04
8.534592343494296074e-04
8.507075253874063492e-04
