1.229797154664993286e-01
1.699188724160194397e-02
1.259030681103467941e-02
9.193674661219120026e-03
6.115331314504146576e-03
5.055361427366733551e-03
4.431820008903741837e-03
4.123978316783905029e-03
3.883686615154147148e-03
3.660799004137516022e-03
3.464230103418231010e-03
3.353560110554099083e-03
3.211685921996831894e-03
3.121114801615476608e-03
2.959874458611011505e-03
2.878363709896802902e-03
2.802425296977162361e-03
2.722436329349875450e-03
2.665878273546695709e-03
2.547052456066012383e-03
2.495559863746166229e-03
2.408153610303997993e-03
2.358538797125220299e-03
2.367153530940413475e-03
2.291296143084764481e-03
2.199284033849835396e-03
2.190211089327931404e-03
2.140691271051764488e-03
2.133581321686506271e-03
2.067888621240854263e-03
1.987268216907978058e-03
1.992309698835015297e-03
1.969495788216590881e-03
1.928590703755617142e-03
1.931714359670877457e-03
1.888419501483440399e-03
1.839107717387378216e-03
1.825069310143589973e-03
1.818384858779609203e-03
1.814959105104207993e-03
1.819216646254062653e-03
1.730082673020660877e-03
1.754340715706348419e-03
1.791552174836397171e-03
1.730688381940126419e-03
1.677609514445066452e-03
1.670217374339699745e-03
1.698603853583335876e-03
1.653728075325489044e-03
1.623408403247594833e-03
1.584106707014143467e-03
1.571710105054080486e-03
1.546134590171277523e-03
1.504882238805294037e-03
1.500460784882307053e-03
1.463222550228238106e-03
1.435031532309949398e-03
1.452140975743532181e-03
1.421156455762684345e-03
1.416795654222369194e-03
1.392937847413122654e-03
1.386980526149272919e-03
1.383335678838193417e-03
1.367506338283419609e-03
1.377989072352647781e-03
1.341483788564801216e-03
1.294807414524257183e-03
1.303278841078281403e-03
1.284194411709904671e-03
1.345754368230700493e-03
1.311642001383006573e-03
1.304988632909953594e-03
1.298631774261593819e-03
1.279176096431910992e-03
1.274354523047804832e-03
1.264535705558955669e-03
1.258640317246317863e-03
1.269542495720088482e-03
1.261847559362649918e-03
1.249979017302393913e-03
1.245822990313172340e-03
1.228686654940247536e-03
1.243191654793918133e-03
1.215847674757242203e-03
1.211325405165553093e-03
1.221404527314007282e-03
1.209263340570032597e-03
1.202344661578536034e-03
1.176841906271874905e-03
1.202004845254123211e-03
1.206478569656610489e-03
1.188914873637259007e-03
1.175846206024289131e-03
1.173401484265923500e-03
1.172002521343529224e-03
1.164513174444437027e-03
1.144684734754264355e-03
1.145242713391780853e-03
1.137680956162512302e-03
