1.299454718828201294e-01
2.096293866634368896e-02
1.557889673858880997e-02
1.305965241044759750e-02
1.048541162163019180e-02
8.201365359127521515e-03
7.120879366993904114e-03
6.274046376347541809e-03
5.454228725284337997e-03
4.679983016103506088e-03
4.319410771131515503e-03
4.024153575301170349e-03
3.735504811629652977e-03
3.506288398057222366e-03
3.358696354553103447e-03
3.239253535866737366e-03
3.071175189688801765e-03
3.046789206564426422e-03
2.968866610899567604e-03
2.798279514536261559e-03
2.779213013127446175e-03
2.663461491465568542e-03
2.601518994197249413e-03
2.594889141619205475e-03
2.524342387914657593e-03
2.518595196306705475e-03
2.398055046796798706e-03
2.373559400439262390e-03
2.356337383389472961e-03
2.304008696228265762e-03
2.296164166182279587e-03
2.251337515190243721e-03
2.186577999964356422e-03
2.207778394222259521e-03
2.210725331678986549e-03
2.174589317291975021e-03
2.095177769660949707e-03
2.055929508060216904e-03
2.037244383245706558e-03
2.009591553360223770e-03
2.014394383877515793e-03
2.015316160395741463e-03
2.015496138483285904e-03
1.944087445735931396e-03
1.937574706971645355e-03
1.900741131976246834e-03
1.910036196932196617e-03
1.885663950815796852e-03
1.829698099754750729e-03
1.840753364376723766e-03
1.842203317210078239e-03
1.843175967223942280e-03
1.795851509086787701e-03
1.757695805281400681e-03
1.753260963596403599e-03
1.704437076114118099e-03
1.769038848578929901e-03
1.748753129504621029e-03
1.730719930492341518e-03
1.680118381045758724e-03
1.694256905466318130e-03
1.646281220018863678e-03
1.661917427554726601e-03
1.673773746006190777e-03
1.655863830819725990e-03
1.663617440499365330e-03
1.657541608437895775e-03
1.640665112063288689e-03
1.620795344933867455e-03
1.615382963791489601e-03
