1.198884472250938416e-01
1.761342771351337433e-02
1.329452730715274811e-02
1.155841350555419922e-02
8.989472873508930206e-03
7.051859516650438309e-03
5.900311283767223358e-03
5.249291658401489258e-03
4.976692609488964081e-03
4.649787209928035736e-03
4.355081822723150253e-03
4.115389660000801086e-03
3.935968037694692612e-03
3.772644558921456337e-03
3.599659306928515434e-03
3.450473072007298470e-03
3.348077181726694107e-03
3.255866700783371925e-03
3.198481397703289986e-03
3.087561577558517456e-03
2.986956154927611351e-03
3.003759309649467468e-03
2.874387195333838463e-03
2.825547941029071808e-03
2.729614498093724251e-03
2.729043830186128616e-03
2.661413745954632759e-03
2.675944007933139801e-03
2.584539819508790970e-03
2.641753293573856354e-03
2.519577508792281151e-03
2.549725351855158806e-03
2.423275960609316826e-03
2.365983789786696434e-03
2.326411660760641098e-03
2.312736818566918373e-03
2.297259867191314697e-03
2.271504607051610947e-03
2.149034058675169945e-03
2.152012195438146591e-03
2.159900497645139694e-03
2.076511969789862633e-03
2.101327991113066673e-03
2.043372252956032753e-03
2.006047870963811874e-03
1.985475653782486916e-03
1.970957498997449875e-03
1.937207765877246857e-03
1.901116920635104179e-03
1.897954265587031841e-03
1.877593807876110077e-03
1.866054837591946125e-03
1.859231269918382168e-03
1.839758595451712608e-03
1.801718957722187042e-03
1.796135678887367249e-03
1.798992161639034748e-03
1.740097184665501118e-03
1.749485614709556103e-03
1.731532043777406216e-03
1.744627952575683594e-03
1.706716720946133137e-03
1.700616558082401752e-03
1.685791765339672565e-03
1.664823270402848721e-03
1.676037907600402832e-03
1.671508536674082279e-03
1.670310739427804947e-03
1.639828435145318508e-03
1.599514856934547424e-03
1.662456663325428963e-03
1.624156022444367409e-03
1.573975896462798119e-03
1.577150425873696804e-03
1.576915616169571877e-03
1.599272363819181919e-03
1.588443061336874962e-03
1.583592267706990242e-03
1.573857967741787434e-03
