6.000000000000000000e+00 2.387580209347517357e+00
6.099999999999999645e+00 -1.978973930016540450e+01
6.199999999999999289e+00 -1.110617775667512142e+01
6.299999999999998934e+00 6.934538990291915894e+00
6.399999999999998579e+00 -1.758255236583055847e+01
6.499999999999998224e+00 3.090907319409480714e+00
6.599999999999997868e+00 1.389249416474277155e+01
6.699999999999997513e+00 -8.249694484885699453e+00
6.799999999999997158e+00 -4.284599450104432883e+00
6.899999999999996803e+00 -7.404856009150976526e+00
6.999999999999996447e+00 9.420597634196120396e+00
7.099999999999996092e+00 -9.675938087115428132e+00
7.199999999999995737e+00 7.912376313246973325e+00
7.299999999999995381e+00 -4.584476700919757342e+00
7.399999999999995026e+00 -3.277341683027790609e+00
7.499999999999994671e+00 -4.106276722943643875e+00
7.599999999999994316e+00 -1.671593607110992608e+01
7.699999999999993960e+00 -4.402081566889016528e+01
7.799999999999993605e+00 -2.480328172806204634e+01
7.899999999999993250e+00 -5.396152803151974808e+01
7.999999999999992895e+00 -6.074447396325619764e+01
8.099999999999992539e+00 -4.272762814661649600e+01
8.199999999999992184e+00 -7.814743623745303580e+01
8.299999999999991829e+00 -7.238740050648439706e+01
8.399999999999991473e+00 -7.310163906030410885e+01
8.499999999999991118e+00 -8.763051776124881087e+01
8.599999999999990763e+00 -7.798796429604838920e+01
8.699999999999990408e+00 -8.964289917265672614e+01
8.799999999999990052e+00 -1.067372042508327326e+02
8.899999999999989697e+00 -1.057667690316967821e+02
8.999999999999989342e+00 -1.078983465444553502e+02
9.099999999999988987e+00 -1.204355802129833393e+02
9.199999999999988631e+00 -1.115111536879446703e+02
9.299999999999988276e+00 -1.331487200356015137e+02
9.399999999999987921e+00 -1.451893737841355403e+02
9.499999999999987566e+00 -1.497482113610805357e+02
9.599999999999987210e+00 -1.608263889442177117e+02
9.699999999999986855e+00 -1.476695871690970137e+02
9.799999999999986500e+00 -1.698107536475013433e+02
9.899999999999986144e+00 -1.592763825056857740e+02
9.999999999999985789e+00 -1.757657749670001124e+02
1.009999999999998543e+01 -1.651232892212225920e+02
1.019999999999998508e+01 -1.592369730264510963e+02
1.029999999999998472e+01 -1.762232631892557038e+02
1.039999999999998437e+01 -1.790217253818307768e+02
1.049999999999998401e+01 -1.995592281167801048e+02
1.059999999999998366e+01 -1.900376585239641543e+02
1.069999999999998330e+01 -2.005611816990685554e+02
1.079999999999998295e+01 -2.107497495847372875e+02
1.089999999999998259e+01 -2.091495844517161515e+02
1.099999999999998224e+01 -1.880976902541513880e+02
1.109999999999998188e+01 -2.103913474073374061e+02
1.119999999999998153e+01 -2.080391840876465039e+02
1.129999999999998117e+01 -1.976436501366647178e+02
1.139999999999998082e+01 -1.926486492118476122e+02
1.149999999999998046e+01 -2.212382817361630316e+02
1.159999999999998010e+01 -2.137568195268850957e+02
1.169999999999997975e+01 -2.017092232737180666e+02
1.179999999999997939e+01 -1.988940035781336633e+02
1.189999999999997904e+01 -1.930643651782137624e+02
1.199999999999997868e+01 -2.119449018059013952e+02
1.209999999999997833e+01 -2.142580795224094459e+02
1.219999999999997797e+01 -1.941563543692569169e+02
1.229999999999997762e+01 -2.364464878708237734e+02
1.239999999999997726e+01 -2.166011662834566494e+02
1.249999999999997691e+01 -2.086163438989743497e+02
1.259999999999997655e+01 -1.978004751436276365e+02
1.269999999999997620e+01 -2.168788201424150657e+02
1.279999999999997584e+01 -2.142705326803526020e+02
1.289999999999997549e+01 -2.043908346642365359e+02
1.299999999999997513e+01 -2.156928001893261921e+02
1.309999999999997478e+01 -1.873431242510243067e+02
1.319999999999997442e+01 -1.939039924400744042e+02
1.329999999999997407e+01 -2.023703556632888478e+02
1.339999999999997371e+01 -2.172228226829497260e+02
1.349999999999997335e+01 -1.880662534498719651e+02
1.359999999999997300e+01 -1.941752043200948492e+02
1.369999999999997264e+01 -1.954201997932993606e+02
1.379999999999997229e+01 -1.915780214651637721e+02
1.389999999999997193e+01 -1.975085316441397936e+02
1.399999999999997158e+01 -1.809120657907591294e+02
1.409999999999997122e+01 -1.785989536468850929e+02
1.419999999999997087e+01 -1.696783755410149865e+02
1.429999999999997051e+01 -1.948179779931032840e+02
1.439999999999997016e+01 -1.802016761879456226e+02
1.449999999999996980e+01 -1.716082618444166030e+02
1.459999999999996945e+01 -1.686474130090487336e+02
1.469999999999996909e+01 -1.797980777326415875e+02
1.479999999999996874e+01 -1.402251941686773193e+02
1.489999999999996838e+01 -1.513788623830019731e+02
1.499999999999996803e+01 -1.590381661178668082e+02
1.509999999999996767e+01 -1.427660572902881313e+02
1.519999999999996732e+01 -1.636947719630919096e+02
1.529999999999996696e+01 -1.602127256821688661e+02
1.539999999999996660e+01 -1.572008888669151929e+02
1.549999999999996625e+01 -1.657309440761906387e+02
1.559999999999996589e+01 -1.458030093860150203e+02
1.569999999999996554e+01 -1.370424766517440958e+02
1.579999999999996518e+01 -1.306584130918422773e+02
1.589999999999996483e+01 -1.261352768184056998e+02
1.599999999999996447e+01 -1.151388055588604402e+02
1.609999999999996589e+01 -1.404909690257452723e+02
1.619999999999996376e+01 -1.285174591830603958e+02
1.629999999999996163e+01 -1.246750063263033610e+02
1.639999999999996305e+01 -1.104629235541880803e+02
1.649999999999996447e+01 -1.224957641366076757e+02
1.659999999999996234e+01 -1.133500071864826140e+02
1.669999999999996021e+01 -1.137804668682626072e+02
1.679999999999996163e+01 -1.120755055862421443e+02
1.689999999999996305e+01 -1.022823103694136933e+02
1.699999999999996092e+01 -9.016885767367683968e+01
1.709999999999995879e+01 -8.871244135069115089e+01
1.719999999999996021e+01 -1.103155486286023574e+02
1.729999999999996163e+01 -9.533087676797779864e+01
1.739999999999995950e+01 -8.237165453055608566e+01
1.749999999999995737e+01 -9.672859951700716863e+01
1.759999999999995879e+01 -7.173698447989828253e+01
1.769999999999996021e+01 -6.326665119206108301e+01
1.779999999999995808e+01 -7.699970684059429971e+01
1.789999999999995595e+01 -9.765311029068953985e+01
1.799999999999995737e+01 -6.591032502360462786e+01
1.809999999999995879e+01 -6.739656905017317001e+01
1.819999999999995666e+01 -7.431888350579905023e+01
1.829999999999995453e+01 -6.354469772992847965e+01
1.839999999999995595e+01 -6.340432496472190849e+01
1.849999999999995737e+01 -5.742308054457888744e+01
1.859999999999995524e+01 -4.714202298129183077e+01
1.869999999999995310e+01 -7.208849563878790434e+01
1.879999999999995453e+01 -4.447269550638753799e+01
1.889999999999995595e+01 -3.643373258217935273e+01
1.899999999999995381e+01 -5.099304434226078087e+01
1.909999999999995168e+01 -6.338747885412071525e+01
1.919999999999995310e+01 -2.001959428927781204e+01
1.929999999999995453e+01 -4.894736810513282421e+01
1.939999999999995239e+01 -5.916514792403770429e+01
1.949999999999995026e+01 -4.073060620723564540e+01
1.959999999999995168e+01 -3.763652361668398072e+01
1.969999999999995310e+01 -4.401420776476992103e+01
1.979999999999995097e+01 -3.030116543818298780e+01
1.989999999999994884e+01 -3.682661755503266221e+01
1.999999999999995026e+01 -2.966765087149572366e+01
2.009999999999995168e+01 -1.092068090611627085e+01
2.019999999999994955e+01 -2.558686418639612725e+01
2.029999999999994742e+01 -1.983890129894043497e+01
2.039999999999994884e+01 -1.603583812651534046e+01
2.049999999999995026e+01 -1.958783697351456965e+01
2.059999999999994813e+01 -1.660560548768126310e+01
2.069999999999994600e+01 -2.327480936266774236e+01
2.079999999999994742e+01 -2.320769249896141417e+00
2.089999999999994884e+01 -1.635435111843541733e+01
2.099999999999994671e+01 -1.152661724253302822e+00
2.109999999999994458e+01 -2.292223008684807439e+01
2.119999999999994600e+01 -1.489772733171619379e+01
2.129999999999994742e+01 -2.555278700846910667e+01
2.139999999999994529e+01 -2.013901700651932813e+01
2.149999999999994316e+01 -6.411273025091682953e+00
2.159999999999994458e+01 -1.307824127979589512e+01
2.169999999999994600e+01 -1.646328701520068449e+01
2.179999999999994387e+01 -1.640561198303123192e+01
2.189999999999994174e+01 -2.408431978702883214e+01
2.199999999999994316e+01 -2.741049826572776738e+00
2.209999999999994458e+01 -9.013131170722937568e+00
2.219999999999994245e+01 -1.053961063380281438e+01
2.229999999999994031e+01 9.828778370752383253e+00
2.239999999999994174e+01 -3.713647078485662334e+00
2.249999999999994316e+01 -8.275341273751481097e+00
2.259999999999994102e+01 -1.004049771557575355e+01
2.269999999999993889e+01 -1.860284189625026485e+01
2.279999999999994031e+01 1.136845354361127214e+01
2.289999999999994174e+01 -2.613449735594357293e+01
2.299999999999993960e+01 5.686468362273420674e+00
2.309999999999993747e+01 -2.724907047342517075e+01
2.319999999999993889e+01 -1.327203639867715346e+01
2.329999999999994031e+01 4.128984297403360593e+00
2.339999999999993818e+01 4.222759468715206133e+00
2.349999999999993605e+01 1.345544421519088374e+01
2.359999999999993747e+01 -1.860193689480115609e+01
2.369999999999993889e+01 4.822116056106486859e+00
2.379999999999993676e+01 -1.535950930487850741e+01
2.389999999999993463e+01 -6.208613992891464761e+00
2.399999999999993605e+01 -2.114144214992294124e+01
2.409999999999993747e+01 -1.791160907455432394e+01
2.419999999999993534e+01 -1.080682961179866908e+01
2.429999999999993321e+01 -1.418049518430138178e+01
2.439999999999993463e+01 -8.054055332945301515e+00
2.449999999999993605e+01 -2.007882496021357355e+01
2.459999999999993392e+01 5.199123624470127325e+00
2.469999999999993179e+01 5.764363414920712358e+00
2.479999999999993321e+01 3.154440300410902065e+00
2.489999999999993463e+01 -3.048161021011271732e+00
2.499999999999993250e+01 -2.251119664472667203e+00
2.509999999999993037e+01 -8.094772389573311244e+00
2.519999999999993179e+01 -9.611070493095665856e-01
2.529999999999993321e+01 -1.366273501837508419e+01
2.539999999999993108e+01 -5.380338193778104738e-01
2.549999999999992895e+01 -4.553660155167881030e+00
2.559999999999993037e+01 -1.149785865553780972e+01
2.569999999999993179e+01 1.667124564086582694e+01
2.579999999999992966e+01 9.949759978174759212e-01
2.589999999999992752e+01 2.232529471473933214e+00
2.599999999999992895e+01 5.379485432216197793e-01
2.609999999999993037e+01 -1.498506334766479098e+00
2.619999999999992824e+01 -2.849425613346447506e+01
2.629999999999992610e+01 -2.481996622612068037e+01
2.639999999999992752e+01 -8.210185287700660695e+00
2.649999999999992895e+01 -7.068207248601740211e+00
2.659999999999992681e+01 1.802060840209608106e+00
2.669999999999992468e+01 -3.471534237932000444e+00
2.679999999999992610e+01 3.694875862114358256e+00
2.689999999999992752e+01 -3.016754767197609155e-01
2.699999999999992539e+01 2.393349516532357057e-01
2.709999999999992326e+01 -5.564964552423607103e+00
2.719999999999992468e+01 9.258333421292894272e+00
2.729999999999992610e+01 4.376618371130667207e-01
2.739999999999992397e+01 -5.527852531652062140e+00
2.749999999999992184e+01 2.906733391922360354e+00
2.759999999999992326e+01 -7.608274264307982371e+00
2.769999999999992468e+01 -1.807550650282567517e+01
2.779999999999992255e+01 1.022237208512887108e+01
2.789999999999992042e+01 -2.970695574419258467e+00
2.799999999999992184e+01 -1.630687993843513794e+01
2.809999999999992326e+01 1.307004336460191851e+01
2.819999999999992113e+01 -3.378909846781144033e+00
2.829999999999991900e+01 7.162308600219100541e+00
2.839999999999992042e+01 2.290906071990949755e+00
2.849999999999992184e+01 -7.935353768482863224e+00
2.859999999999991971e+01 -6.653529863003312173e+00
2.869999999999991758e+01 1.895450522916726221e+00
2.879999999999991900e+01 -2.117953124565227441e+00
2.889999999999992042e+01 3.557442890483292430e+00
2.899999999999991829e+01 2.061868688369727920e+00
2.909999999999991616e+01 -8.995438594290014578e+00
2.919999999999991758e+01 1.455250559952023348e+00
2.929999999999991900e+01 -1.251244762497383434e+01
2.939999999999991687e+01 -5.437760576459877981e+00
2.949999999999991473e+01 1.071747473298596276e+01
2.959999999999991616e+01 -2.722382333487845862e+00
2.969999999999991758e+01 -2.973981456014759495e+00
2.979999999999991545e+01 -1.724938751699266248e+01
2.989999999999991331e+01 6.737756918353158042e+00
2.999999999999991473e+01 -3.058508013621661803e+01
3.009999999999991616e+01 7.259335273939840683e+00
3.019999999999991402e+01 1.178512655789365837e+01
3.029999999999991189e+01 -5.869586808366991093e+00
3.039999999999991331e+01 4.340886034159670892e+00
3.049999999999991473e+01 5.274817508702574820e+00
3.059999999999991260e+01 2.727100384623177831e-01
3.069999999999991047e+01 -1.847440564981186739e+01
3.079999999999991189e+01 1.797385059616198433e+00
3.089999999999991331e+01 4.999255493657631888e+00
3.099999999999991118e+01 -1.590863728336964833e+01
3.109999999999990905e+01 -3.073098924320239789e+00
3.119999999999991047e+01 -1.821441109578696782e+01
3.129999999999991189e+01 -1.623643380165849948e+01
3.139999999999990976e+01 -1.739033891239357388e+01
3.149999999999990763e+01 -4.481601443047264155e+00
3.159999999999990905e+01 -2.336403357967601480e+01
3.169999999999991047e+01 1.429152276384567699e+01
3.179999999999990834e+01 -6.396582945584947666e-01
3.189999999999990621e+01 1.197763327602260119e+01
3.199999999999990763e+01 -7.291237227294627310e+00
3.209999999999990905e+01 5.537936876843253309e+00
3.219999999999990337e+01 1.160704040513529378e+01
3.229999999999990479e+01 -6.068639657989850278e+00
3.239999999999990621e+01 -2.176257461230877155e-01
3.249999999999990763e+01 -1.037684047936964049e+01
3.259999999999990905e+01 -1.526264288912088318e+00
3.269999999999990337e+01 -6.609097752216394284e+00
3.279999999999990479e+01 -9.288321975562235266e+00
3.289999999999990621e+01 -2.263776114622529434e+01
3.299999999999990052e+01 -2.765802038060500223e+01
3.309999999999990195e+01 2.867578471998548650e-01
3.319999999999990337e+01 -1.044738319031428908e+01
3.329999999999990479e+01 1.553864357939645657e+01
3.339999999999990621e+01 -7.727578864740292985e+00
3.349999999999990052e+01 -4.388617101212574312e+00
3.359999999999990195e+01 1.261911262794511934e+00
3.369999999999990337e+01 -2.163280959483627974e+00
3.379999999999989768e+01 -1.322547128984194487e+01
3.389999999999989910e+01 -1.023904903393139065e+01
3.399999999999990052e+01 1.830088983842777850e+01
3.409999999999990195e+01 1.447090764815762931e+00
3.419999999999990337e+01 -5.713007683191611008e+00
3.429999999999989768e+01 -3.529525869822461637e+00
3.439999999999989910e+01 -9.552848719786865672e+00
3.449999999999990052e+01 -7.590898567405536923e+00
3.459999999999989484e+01 -7.854222935236816916e+00
3.469999999999989626e+01 -2.161807313800682806e+01
3.479999999999989768e+01 3.789339706631675853e-01
3.489999999999989910e+01 -1.201870903200373775e+01
3.499999999999990052e+01 -1.208218980233067086e+01
3.509999999999989484e+01 1.455769453297242322e+01
3.519999999999989626e+01 -4.819371500111133244e+00
3.529999999999989768e+01 -4.655975065863611206e-01
3.539999999999989200e+01 -3.431299066671781084e+00
3.549999999999989342e+01 -2.504032179236431510e+00
3.559999999999989484e+01 1.098930004699763430e+00
3.569999999999989626e+01 -1.157114719154270333e+01
3.579999999999989768e+01 5.271867959369355816e+00
3.589999999999989200e+01 -9.693487137652768482e+00
3.599999999999989342e+01 -2.291585775984144391e+01
3.609999999999989484e+01 8.756283724171908034e+00
3.619999999999988916e+01 -2.396656673162760143e+01
3.629999999999989058e+01 -1.612341661866437903e+00
3.639999999999989200e+01 1.024462851771509975e+00
3.649999999999989342e+01 -1.358266098629790974e+01
3.659999999999989484e+01 1.302028654059088630e+01
3.669999999999988916e+01 1.553969041221157177e+01
3.679999999999989058e+01 -1.684817951172989581e+01
3.689999999999989200e+01 -2.717513080053632990e+01
3.699999999999988631e+01 -1.651454793436799662e+01
3.709999999999988773e+01 -9.552006186375697538e+00
3.719999999999988916e+01 -1.091220691289461087e+01
3.729999999999989058e+01 -3.686399927831644163e+00
3.739999999999989200e+01 -2.605403627418064971e+01
3.749999999999988631e+01 -1.454135300598840530e+01
3.759999999999988773e+01 -1.526483002455197102e+01
3.769999999999988916e+01 -4.735255677912968864e+00
3.779999999999988347e+01 -9.605064338346739561e+00
3.789999999999988489e+01 -2.780610356781894055e+00
3.799999999999988631e+01 -2.009428967483372119e+01
3.809999999999988773e+01 -4.759011641739015808e+00
3.819999999999988916e+01 -3.126189787092555861e+01
3.829999999999988347e+01 1.047570402806409717e+01
3.839999999999988489e+01 -1.436540554373415546e-01
3.849999999999988631e+01 -3.099617130425084355e+00
3.859999999999988063e+01 -1.716521502207448435e+01
3.869999999999988205e+01 -1.617484999538258350e+01
3.879999999999988347e+01 1.231702002671071305e+01
3.889999999999988489e+01 -3.295563345157232149e+00
3.899999999999988631e+01 -1.190395668543563801e+01
3.909999999999988063e+01 -1.938513948863112546e+01
3.919999999999988205e+01 -9.276530738958994604e+00
3.929999999999988347e+01 -9.229868756463702084e+00
3.939999999999987779e+01 -3.101620995422456772e+01
3.949999999999987921e+01 6.892933680571173838e+00
3.959999999999988063e+01 -1.789560497412243123e+01
3.969999999999988205e+01 -1.727968403011175624e+01
3.979999999999988347e+01 -9.193875292188277371e+00
3.989999999999987779e+01 -1.063935529313064343e+01
3.999999999999987921e+01 -2.028951357543954259e+01
4.009999999999988063e+01 -8.205095505273641621e+00
4.019999999999987494e+01 -2.987427508378617702e+01
4.029999999999987637e+01 -7.493217184280557497e+00
4.039999999999987779e+01 -2.910376550415195496e+01
4.049999999999987921e+01 -1.499526555236476888e+01
4.059999999999988063e+01 -2.251425881715728394e+01
4.069999999999987494e+01 -1.713804115836546416e+01
4.079999999999987637e+01 -6.115622472651287111e+00
4.089999999999987779e+01 -1.267264307610766672e+01
4.099999999999987210e+01 -1.770332979064709278e+01
4.109999999999987352e+01 7.474806869485172811e+00
4.119999999999987494e+01 -1.319613535252914360e+01
4.129999999999987637e+01 -1.524105991425112805e+01
4.139999999999987779e+01 -1.989538574859238196e+01
4.149999999999987210e+01 9.124340647448784480e+00
4.159999999999987352e+01 -2.793911365484405707e+01
4.169999999999987494e+01 -3.323220742607411182e+00
4.179999999999986926e+01 -6.575738799225831599e+00
4.189999999999987068e+01 -2.364628122908739272e+01
4.199999999999987210e+01 -1.269942612734294585e+01
4.209999999999987352e+01 -2.754192379965725479e+01
4.219999999999987494e+01 -1.480115620133626564e+01
4.229999999999986926e+01 -2.751734794805189210e+01
4.239999999999987068e+01 -2.073601652723618827e+01
4.249999999999987210e+01 -1.579603633031124943e+00
4.259999999999986642e+01 -8.467907322817389115e+00
4.269999999999986784e+01 -2.416332412180784672e+01
4.279999999999986926e+01 -2.097165831743441800e+01
4.289999999999987068e+01 -1.491599945103245339e+01
4.299999999999987210e+01 -9.633134744313460729e+00
4.309999999999986642e+01 -8.506719051591328906e+00
4.319999999999986784e+01 -1.257494830667033625e+01
4.329999999999986926e+01 -3.879550492304437626e+01
4.339999999999986358e+01 -1.867828482141189994e+01
4.349999999999986500e+01 -1.705021069060469330e+01
4.359999999999986642e+01 -1.212831381682075893e+01
4.369999999999986784e+01 -2.272940701880890302e+01
4.379999999999986926e+01 -2.483741782808461096e+01
4.389999999999986358e+01 -1.601724917661537617e+01
4.399999999999986500e+01 -2.824123559514555382e+01
4.409999999999986642e+01 -2.673288909683541448e+01
4.419999999999986073e+01 -1.778820913109390034e+01
4.429999999999986215e+01 -2.110511574414897140e+01
4.439999999999986358e+01 -1.927594673005843617e+01
4.449999999999986500e+01 -2.295219783237398303e+01
4.459999999999986642e+01 -2.216777591612061116e+01
4.469999999999986073e+01 -1.722262683816572348e+01
4.479999999999986215e+01 -2.324108244783284505e+01
4.489999999999986358e+01 -2.107977675847150678e+01
4.499999999999985789e+01 -9.639802269902583376e+00
4.509999999999985931e+01 -1.786946481195358416e+01
4.519999999999986073e+01 -1.907704844304135605e+01
4.529999999999986215e+01 -1.245978091211521388e+01
4.539999999999986358e+01 -2.877867074550003679e+01
4.549999999999985789e+01 -1.921009128090940621e+01
4.559999999999985931e+01 -8.990206400233383022e+00
4.569999999999986073e+01 -6.909934817499575388e+00
4.579999999999985505e+01 -2.081729575136202115e+01
4.589999999999985647e+01 -2.903867663058941417e+01
4.599999999999985789e+01 -4.672467290237097615e+00
4.609999999999985931e+01 -1.833818071123461735e+01
4.619999999999986073e+01 -3.533660962490092317e+01
4.629999999999985505e+01 -3.475284478351877482e+00
4.639999999999985647e+01 -2.564405509147108830e+01
4.649999999999985789e+01 -3.128844793660724832e+01
4.659999999999985221e+01 -1.672728444299856676e+01
4.669999999999985363e+01 -2.396938420954586846e+01
4.679999999999985505e+01 -1.607147194013064961e+01
4.689999999999985647e+01 3.568700470872204988e+00
4.699999999999985789e+01 -3.239873990855583230e+01
4.709999999999985221e+01 -1.713425658929631723e+01
4.719999999999985363e+01 -1.262749685653033893e+01
4.729999999999985505e+01 -2.320845897251753343e+01
4.739999999999984936e+01 -2.791914762342999978e+01
4.749999999999985079e+01 -9.537381956563645957e+00
4.759999999999985221e+01 -2.245743598044812472e+01
4.769999999999985363e+01 -2.802189532444258191e+01
4.779999999999985505e+01 -2.333240676775889355e+01
4.789999999999984936e+01 -1.588595655041759258e+01
4.799999999999985079e+01 -2.007630455541626091e+01
4.809999999999985221e+01 -1.563031917335428211e+01
4.819999999999984652e+01 -2.006328668499356738e+01
4.829999999999984794e+01 -2.370843324984136657e+01
4.839999999999984936e+01 -2.732723061986923341e+01
4.849999999999985079e+01 -3.580807957807790842e+01
4.859999999999985221e+01 -2.019729116916083811e+01
4.869999999999984652e+01 -2.519580088588475064e+01
4.879999999999984794e+01 -1.960230187018819237e+01
4.889999999999984936e+01 -5.350654272215603413e+00
4.899999999999984368e+01 -9.893428511291965322e+00
4.909999999999984510e+01 -3.077159803184425613e+01
4.919999999999984652e+01 -2.326478946845361762e+01
4.929999999999984794e+01 -6.743402620158665428e+00
4.939999999999984936e+01 -2.296545097353175180e+01
4.949999999999984368e+01 -3.940230736691521685e+01
4.959999999999984510e+01 -1.605050523697908460e+01
4.969999999999984652e+01 -1.903340432290011464e+01
4.979999999999984084e+01 -4.041396548674278932e+01
4.989999999999984226e+01 -1.291127014651501881e+01
4.999999999999984368e+01 -1.136808977302207424e+01
5.009999999999984510e+01 -9.657256710003153444e+00
5.019999999999984652e+01 -2.112674598415114602e+01
5.029999999999984084e+01 -3.082310019165886672e+01
5.039999999999984226e+01 -2.595148396460984230e+01
5.049999999999984368e+01 -2.507168742967012065e+01
5.059999999999983800e+01 -2.135476519936621997e+01
5.069999999999983942e+01 -4.225244168955278212e+01
5.079999999999984084e+01 -2.613815916551066110e+01
5.089999999999984226e+01 -2.953738142466964689e+01
5.099999999999984368e+01 -1.813533547821371172e+01
5.109999999999983800e+01 -1.504613401138889550e+01
5.119999999999983942e+01 -2.682377727319950012e+01
5.129999999999984084e+01 -3.206014948459137059e+01
5.139999999999983515e+01 -1.643573654265523487e+01
5.149999999999983658e+01 -1.554480921755867406e+01
5.159999999999983800e+01 -3.068604612005461973e+01
5.169999999999983942e+01 -2.586835122862069980e+01
5.179999999999984084e+01 -1.136551857293166456e+01
5.189999999999983515e+01 -2.119326078916365930e+01
5.199999999999983658e+01 -1.798074333628083110e+01
5.209999999999983800e+01 -3.639968409602378330e+00
5.219999999999983231e+01 -4.328700471117620197e+01
5.229999999999983373e+01 -4.302813580039766350e+01
5.239999999999983515e+01 -3.399878513000677316e+01
5.249999999999983658e+01 -1.537189396001282482e+01
5.259999999999983800e+01 -1.918302081556846161e+01
5.269999999999983231e+01 -3.155667179581956816e+01
5.279999999999983373e+01 -1.375142984890138820e+01
5.289999999999983515e+01 -2.203258752045461577e+01
5.299999999999982947e+01 -2.401516798954724408e+01
5.309999999999983089e+01 -2.197548820026263883e+01
5.319999999999983231e+01 -7.344924019591015707e+00
5.329999999999983373e+01 -2.996915112855972296e+01
5.339999999999983515e+01 -2.099774234238262949e+01
5.349999999999982947e+01 -3.636303949689501280e+01
5.359999999999983089e+01 -2.877038395679494087e+01
5.369999999999983231e+01 -2.222190812340704014e+01
5.379999999999982663e+01 -4.541539125271377486e+01
5.389999999999982805e+01 -3.949894777858816042e+01
5.399999999999982947e+01 -1.791254385938585614e+01
5.409999999999983089e+01 -2.748909085699845178e+01
5.419999999999983231e+01 -3.041865807948506273e+01
5.429999999999982663e+01 -1.085490392666969939e+01
5.439999999999982805e+01 -2.133647962655673780e+01
5.449999999999982947e+01 -2.360471995049002558e+01
5.459999999999982379e+01 -4.273338123015764722e+01
5.469999999999982521e+01 -5.355332123436384961e+01
5.479999999999982663e+01 -6.270586978597489036e+00
5.489999999999982805e+01 -1.712617347117510391e+01
