6.000000000000000000e+00 -1.921046262921172892e-02
6.099999999999999645e+00 -2.189956047636082773e-02
6.199999999999999289e+00 -2.475001753970164711e-02
6.299999999999998934e+00 -2.776548752511801693e-02
6.399999999999998579e+00 -3.094909048370456106e-02
6.499999999999998224e+00 -3.430308098765980779e-02
6.599999999999997868e+00 -3.782892770404428645e-02
6.699999999999997513e+00 -4.152721051227807603e-02
6.799999999999997158e+00 -4.539748940375367553e-02
6.899999999999996803e+00 -4.943787442348274858e-02
6.999999999999996447e+00 -5.364549129707725517e-02
7.099999999999996092e+00 -1.151389555952360366e+00
7.199999999999995737e+00 -4.966570382623229918e+00
7.299999999999995381e+00 -9.139030754406768153e+00
7.399999999999995026e+00 -1.365730194971993150e+01
7.499999999999994671e+00 -1.849095662051884048e+01
7.599999999999994316e+00 -2.361769886229798132e+01
7.699999999999993960e+00 -2.901656978836896883e+01
7.799999999999993605e+00 -3.466650559594454961e+01
7.899999999999993250e+00 -4.054424307933257410e+01
7.999999999999992895e+00 -4.662567562903976892e+01
8.099999999999992539e+00 -5.288527934886646165e+01
8.199999999999992184e+00 -5.929609244856300876e+01
8.299999999999991829e+00 -6.583035441098736840e+01
8.399999999999991473e+00 -7.245924360385085095e+01
8.499999999999991118e+00 -7.915349100061146714e+01
8.599999999999990763e+00 -8.588378697149192931e+01
8.699999999999990408e+00 -9.262081858352726726e+01
8.799999999999990052e+00 -9.933559129374212660e+01
8.899999999999989697e+00 -1.060001399816442103e+02
8.999999999999989342e+00 -1.125869569218322397e+02
9.099999999999988987e+00 -1.190704119581942138e+02
9.199999999999988631e+00 -1.254261649028062777e+02
9.299999999999988276e+00 -1.316315024701723360e+02
9.399999999999987921e+00 -1.376652564212246261e+02
9.499999999999987566e+00 -1.435092412474028265e+02
9.599999999999987210e+00 -1.491467092816654088e+02
9.699999999999986855e+00 -1.545628648141603207e+02
9.799999999999986500e+00 -1.597453966181376757e+02
9.899999999999986144e+00 -1.646846055278388690e+02
9.999999999999985789e+00 -1.693717659137932685e+02
1.009999999999998543e+01 -1.738014908718361937e+02
1.019999999999998508e+01 -1.779682288829962715e+02
1.029999999999998472e+01 -1.818706933285528748e+02
1.039999999999998437e+01 -1.855079088233208324e+02
1.049999999999998401e+01 -1.888807406942966338e+02
1.059999999999998366e+01 -1.919900854499832690e+02
1.069999999999998330e+01 -1.948398652652306282e+02
1.079999999999998295e+01 -1.974348353215837335e+02
1.089999999999998259e+01 -1.997793092861123512e+02
1.099999999999998224e+01 -2.018786626505119273e+02
1.109999999999998188e+01 -2.037403501553629042e+02
1.119999999999998153e+01 -2.053708889110668281e+02
1.129999999999998117e+01 -2.067775348833664850e+02
1.139999999999998082e+01 -2.079681492946284607e+02
1.149999999999998046e+01 -2.089498808462782904e+02
1.159999999999998010e+01 -2.097293899367295182e+02
1.169999999999997975e+01 -2.103173107626587068e+02
1.179999999999997939e+01 -2.107179325246300721e+02
1.189999999999997904e+01 -2.109420097096457312e+02
1.199999999999997868e+01 -2.109948764562577423e+02
1.209999999999997833e+01 -2.108839541729593918e+02
1.219999999999997797e+01 -2.106170861410757311e+02
1.229999999999997762e+01 -2.102007695433063361e+02
1.239999999999997726e+01 -2.096412962860242715e+02
1.249999999999997691e+01 -2.089449728052296393e+02
1.259999999999997655e+01 -2.081185502077344722e+02
1.269999999999997620e+01 -2.071660311715409648e+02
1.279999999999997584e+01 -2.060934422017804479e+02
1.289999999999997549e+01 -2.049072597864926593e+02
1.299999999999997513e+01 -2.036104672139601917e+02
1.309999999999997478e+01 -2.022089413564825975e+02
1.319999999999997442e+01 -2.007064716102311195e+02
1.329999999999997407e+01 -1.991080576246768032e+02
1.339999999999997371e+01 -1.974156576027492633e+02
1.349999999999997335e+01 -1.956350502771895208e+02
1.359999999999997300e+01 -1.937690906605502335e+02
1.369999999999997264e+01 -1.918209638452006800e+02
1.379999999999997229e+01 -1.897937431229249796e+02
1.389999999999997193e+01 -1.876913494926693886e+02
1.399999999999997158e+01 -1.855158352306362701e+02
1.409999999999997122e+01 -1.832701291148858616e+02
1.419999999999997087e+01 -1.809571138767224738e+02
1.429999999999997051e+01 -1.785796189351702310e+02
1.439999999999997016e+01 -1.761404997541737032e+02
1.449999999999996980e+01 -1.736425515412657887e+02
1.459999999999996945e+01 -1.710871755558326015e+02
1.469999999999996909e+01 -1.684773319047737061e+02
1.479999999999996874e+01 -1.658168259883865119e+02
1.489999999999996838e+01 -1.631071285070883334e+02
1.499999999999996803e+01 -1.603518421803032652e+02
1.509999999999996767e+01 -1.575522786397747552e+02
1.519999999999996732e+01 -1.547116480497423368e+02
1.529999999999996696e+01 -1.518315557636848041e+02
1.539999999999996660e+01 -1.489183332974815812e+02
1.549999999999996625e+01 -1.459714460547717749e+02
1.559999999999996589e+01 -1.429944237778612717e+02
1.569999999999996554e+01 -1.399907440743388918e+02
1.579999999999996518e+01 -1.369649050848776710e+02
1.589999999999996483e+01 -1.339172350821970952e+02
1.599999999999996447e+01 -1.308520950424984903e+02
1.609999999999996589e+01 -1.277753071121702817e+02
1.619999999999996376e+01 -1.246855371203816532e+02
1.629999999999996163e+01 -1.215904601472349782e+02
1.639999999999996305e+01 -1.184907115394080250e+02
1.649999999999996447e+01 -1.153903172751460033e+02
1.659999999999996234e+01 -1.122943035808557255e+02
1.669999999999996021e+01 -1.092033073034877049e+02
1.679999999999996163e+01 -1.061247645697397957e+02
1.689999999999996305e+01 -1.030579256047047636e+02
1.699999999999996092e+01 -1.000103766439362971e+02
1.709999999999995879e+01 -9.698143510696610292e+01
1.719999999999996021e+01 -9.397843911243072057e+01
1.729999999999996163e+01 -9.100104560285303990e+01
1.739999999999995950e+01 -8.805484180835922814e+01
1.749999999999995737e+01 -8.514422062885482489e+01
1.759999999999995879e+01 -8.226883711041516278e+01
1.769999999999996021e+01 -7.943344366993666483e+01
1.779999999999995808e+01 -7.664005355164182731e+01
1.789999999999995595e+01 -7.389367231703795369e+01
1.799999999999995737e+01 -7.119339447780258467e+01
1.809999999999995879e+01 -6.854295947972967440e+01
1.819999999999995666e+01 -6.594694868858080383e+01
1.829999999999995453e+01 -6.340162066840212418e+01
1.839999999999995595e+01 -6.091623191906305124e+01
1.849999999999995737e+01 -5.848465992037847627e+01
1.859999999999995524e+01 -5.611607045350947942e+01
1.869999999999995310e+01 -5.380404105774710644e+01
1.879999999999995453e+01 -5.155951832691588521e+01
1.889999999999995595e+01 -4.937197394300501685e+01
1.899999999999995381e+01 -4.725170346500151908e+01
1.909999999999995168e+01 -4.518890556903659927e+01
1.919999999999995310e+01 -4.319627197804992136e+01
1.929999999999995453e+01 -4.126381355466239853e+01
1.939999999999995239e+01 -3.939222167149969778e+01
1.949999999999995026e+01 -3.759017078132973211e+01
1.959999999999995168e+01 -3.584591369755717238e+01
1.969999999999995310e+01 -3.416619249168712003e+01
1.979999999999995097e+01 -3.254849606475858081e+01
1.989999999999994884e+01 -3.098903424716477062e+01
1.999999999999995026e+01 -2.949407620001140984e+01
2.009999999999995168e+01 -2.805420385323511567e+01
2.019999999999994955e+01 -2.667548690504133191e+01
2.029999999999994742e+01 -2.535292637290576323e+01
2.039999999999994884e+01 -2.408255101998177139e+01
2.049999999999995026e+01 -2.287234187259583607e+01
2.059999999999994813e+01 -2.170987298275265331e+01
2.069999999999994600e+01 -2.060292102068420661e+01
2.079999999999994742e+01 -1.954455193582260009e+01
2.089999999999994884e+01 -1.853336262129863599e+01
2.099999999999994671e+01 -1.757680934290247876e+01
2.109999999999994458e+01 -1.666481588702830763e+01
2.119999999999994600e+01 -1.580009043527610579e+01
2.129999999999994742e+01 -1.497638615046674460e+01
2.139999999999994529e+01 -1.419423224516270565e+01
2.149999999999994316e+01 -1.345280472252731130e+01
2.159999999999994458e+01 -1.274736260666519705e+01
2.169999999999994600e+01 -1.208221860364907130e+01
2.179999999999994387e+01 -1.144879603488184117e+01
2.189999999999994174e+01 -1.085294433704242678e+01
2.199999999999994316e+01 -1.028658898114980502e+01
2.209999999999994458e+01 -9.753577778096355289e+00
2.219999999999994245e+01 -9.249009603327071005e+00
2.229999999999994031e+01 -8.773159766705207474e+00
2.239999999999994174e+01 -8.325415050474104461e+00
2.249999999999994316e+01 -7.901551506965484251e+00
2.259999999999994102e+01 -7.505450754000038138e+00
2.269999999999993889e+01 -7.130243989353398426e+00
2.279999999999994031e+01 -6.779662136970761921e+00
2.289999999999994174e+01 -6.448994680417033720e+00
2.299999999999993960e+01 -6.140230657494842426e+00
2.309999999999993747e+01 -5.849041755501359852e+00
2.319999999999993889e+01 -5.578313546151585811e+00
2.329999999999994031e+01 -5.323559828072503386e+00
2.339999999999993818e+01 -5.086110452222864176e+00
2.349999999999993605e+01 -4.864042272311931647e+00
2.359999999999993747e+01 -4.657686424518692192e+00
2.369999999999993889e+01 -4.464623574512940785e+00
2.379999999999993676e+01 -4.285429185893165460e+00
2.389999999999993463e+01 -4.118799563634238936e+00
2.399999999999993605e+01 -3.964756034190489054e+00
2.409999999999993747e+01 -3.821446001558427508e+00
2.419999999999993534e+01 -3.689300226093896740e+00
2.429999999999993321e+01 -3.566807165267871671e+00
2.439999999999993463e+01 -3.454881362815801271e+00
2.449999999999993605e+01 -3.351553061322995131e+00
2.459999999999993392e+01 -3.257111647217971750e+00
2.469999999999993179e+01 -3.170515590512185344e+00
2.479999999999993321e+01 -3.091799496657317459e+00
2.489999999999993463e+01 -3.020367138456902634e+00
2.499999999999993250e+01 -2.956118916284225850e+00
2.509999999999993037e+01 -2.897785948094817599e+00
2.519999999999993179e+01 -2.845968420394024090e+00
2.529999999999993321e+01 -2.799757925524247515e+00
2.539999999999993108e+01 -2.759319742440624612e+00
2.549999999999992895e+01 -2.723483799520277859e+00
2.559999999999993037e+01 -2.693015696509514445e+00
2.569999999999993179e+01 -2.667006655147203364e+00
2.579999999999992966e+01 -2.645231859289192133e+00
2.589999999999992752e+01 -2.627652635732252051e+00
2.599999999999992895e+01 -2.618800666882162176e+00
2.609999999999993037e+01 -2.619652326742786475e+00
2.619999999999992824e+01 -2.624163782911086873e+00
2.629999999999992610e+01 -2.631990292505655304e+00
2.639999999999992752e+01 -2.643051360520082049e+00
2.649999999999992895e+01 -2.657239853675751995e+00
2.659999999999992681e+01 -2.674284902388348595e+00
2.669999999999992468e+01 -2.693872155030024196e+00
2.679999999999992610e+01 -2.716305853848528074e+00
2.689999999999992752e+01 -2.741139875230961032e+00
2.699999999999992539e+01 -2.768129613100401620e+00
2.709999999999992326e+01 -2.797427690487648722e+00
2.719999999999992468e+01 -2.828870266131771061e+00
2.729999999999992610e+01 -2.862289341750131832e+00
2.739999999999992397e+01 -2.897525385611859683e+00
2.749999999999992184e+01 -2.934597694253064049e+00
2.759999999999992326e+01 -2.973437983161807630e+00
2.769999999999992468e+01 -3.013833717449113436e+00
2.779999999999992255e+01 -3.055889535391791867e+00
2.789999999999992042e+01 -3.099393853657268938e+00
2.799999999999992184e+01 -3.144267626555873107e+00
2.809999999999992326e+01 -3.190601832095286472e+00
2.819999999999992113e+01 -3.238187578360546048e+00
2.829999999999991900e+01 -3.286979715064485053e+00
2.839999999999992042e+01 -3.337047409104354934e+00
2.849999999999992184e+01 -3.388230893371901864e+00
2.859999999999991971e+01 -3.440544923273529232e+00
2.869999999999991758e+01 -3.493952953678216566e+00
2.879999999999991900e+01 -3.548339481090769354e+00
2.889999999999992042e+01 -3.603696811852414861e+00
2.899999999999991829e+01 -3.660055400221871480e+00
2.909999999999991616e+01 -3.717314872606426679e+00
2.919999999999991758e+01 -3.775484913982425805e+00
2.929999999999991900e+01 -3.834514263877385254e+00
2.939999999999991687e+01 -3.894417010646834765e+00
2.949999999999991473e+01 -3.955080783190706217e+00
2.959999999999991616e+01 -4.016591700650343988e+00
2.969999999999991758e+01 -4.078817559830556050e+00
2.979999999999991545e+01 -4.141854862664127168e+00
2.989999999999991331e+01 -4.205562569226257708e+00
2.999999999999991473e+01 -4.270049899131345583e+00
3.009999999999991616e+01 -4.335200784194120693e+00
3.019999999999991402e+01 -4.401038418262326779e+00
3.029999999999991189e+01 -4.470325810812242118e+00
3.039999999999991331e+01 -4.542223208741487106e+00
3.049999999999991473e+01 -4.614809481351483278e+00
3.059999999999991260e+01 -4.688069714438197977e+00
3.069999999999991047e+01 -4.761970888602906626e+00
3.079999999999991189e+01 -4.836540067887568739e+00
3.089999999999991331e+01 -4.911773171345128475e+00
3.099999999999991118e+01 -4.987627873515267041e+00
3.109999999999990905e+01 -5.064102325213515776e+00
3.119999999999991047e+01 -5.141176919008743518e+00
3.129999999999991189e+01 -5.218885661654175223e+00
3.139999999999990976e+01 -5.297197745865695140e+00
3.149999999999990763e+01 -5.376096960842911443e+00
3.159999999999990905e+01 -5.455607138408185897e+00
3.169999999999991047e+01 -5.535679628472994551e+00
3.179999999999990834e+01 -5.616323360630833150e+00
3.189999999999990621e+01 -5.697546445676395344e+00
3.199999999999990763e+01 -5.779356564935908658e+00
3.209999999999990905e+01 -5.861697398681170235e+00
3.219999999999990337e+01 -5.944626829403567569e+00
3.229999999999990479e+01 -6.028083531372971926e+00
3.239999999999990621e+01 -6.112084207465522390e+00
3.249999999999990763e+01 -6.196659567728326934e+00
3.259999999999990905e+01 -6.281747900745024538e+00
3.269999999999990337e+01 -6.367389497291778611e+00
3.279999999999990479e+01 -6.453548425783431242e+00
3.289999999999990621e+01 -6.540235443994037112e+00
3.299999999999990052e+01 -6.627458081948572222e+00
3.309999999999990195e+01 -6.715210663535387425e+00
3.319999999999990337e+01 -6.803473475300480189e+00
3.329999999999990479e+01 -6.892262872119316874e+00
3.339999999999990621e+01 -6.981555720893462436e+00
3.349999999999990052e+01 -7.071355768169704348e+00
3.359999999999990195e+01 -7.161657531136271793e+00
3.369999999999990337e+01 -7.252470299105183038e+00
3.379999999999989768e+01 -7.343786129704865218e+00
3.389999999999989910e+01 -7.435609013108845033e+00
3.399999999999990052e+01 -7.527915947982036116e+00
3.409999999999990195e+01 -7.620421242646378879e+00
3.419999999999990337e+01 -7.713004482579936649e+00
3.429999999999989768e+01 -7.806051464551648778e+00
3.439999999999989910e+01 -7.899588692809277113e+00
3.449999999999990052e+01 -7.993606903899032723e+00
3.459999999999989484e+01 -8.088098968492751339e+00
3.469999999999989626e+01 -8.183054864486255298e+00
3.479999999999989768e+01 -8.278474985759256555e+00
3.489999999999989910e+01 -8.374377592343922316e+00
3.499999999999990052e+01 -8.470739114641137490e+00
3.509999999999989484e+01 -8.567554852992994796e+00
3.519999999999989626e+01 -8.664834628897512658e+00
3.529999999999989768e+01 -8.762572739781228748e+00
3.539999999999989200e+01 -8.860762775477036612e+00
3.549999999999989342e+01 -8.959401776233386627e+00
3.559999999999989484e+01 -9.058485811969376300e+00
3.569999999999989626e+01 -9.158013651015602719e+00
3.579999999999989768e+01 -9.257987038356299436e+00
3.589999999999989200e+01 -9.358395098427971348e+00
3.599999999999989342e+01 -9.459238680702522828e+00
3.609999999999989484e+01 -9.560522781000081238e+00
3.619999999999988916e+01 -9.662248575748131785e+00
3.629999999999989058e+01 -9.764389798885499516e+00
3.639999999999989200e+01 -9.866951937716775589e+00
3.649999999999989342e+01 -9.969931075443259516e+00
3.659999999999989484e+01 -1.007333829373746958e+01
3.669999999999988916e+01 -1.017716421778876601e+01
3.679999999999989058e+01 -1.028139952630451504e+01
3.689999999999989200e+01 -1.038604118367735651e+01
3.699999999999988631e+01 -1.049109158125563113e+01
3.709999999999988773e+01 -1.059654826101039049e+01
3.719999999999988916e+01 -1.070241441228101387e+01
3.729999999999989058e+01 -1.080866630487883917e+01
3.739999999999989200e+01 -1.091530809257520040e+01
3.749999999999988631e+01 -1.102234755256004206e+01
3.759999999999988773e+01 -1.112632130150656451e+01
3.769999999999988916e+01 -1.122714726083931502e+01
3.779999999999988347e+01 -1.132832089498221428e+01
3.789999999999988489e+01 -1.142984643806821765e+01
3.799999999999988631e+01 -1.153171635002050621e+01
3.809999999999988773e+01 -1.163392927221143935e+01
3.819999999999988916e+01 -1.173647650820767829e+01
3.829999999999988347e+01 -1.183936964116289658e+01
3.839999999999988489e+01 -1.194259660332961559e+01
3.849999999999988631e+01 -1.204615432387189244e+01
3.859999999999988063e+01 -1.215004090425831151e+01
3.869999999999988205e+01 -1.225424932633454311e+01
3.879999999999988347e+01 -1.235877953832527432e+01
3.889999999999988489e+01 -1.246362852202535976e+01
3.899999999999988631e+01 -1.256879702641975705e+01
3.909999999999988063e+01 -1.267427423295940692e+01
3.919999999999988205e+01 -1.278006058417973279e+01
3.929999999999988347e+01 -1.288615297634412649e+01
3.939999999999987779e+01 -1.299255026496097543e+01
3.949999999999987921e+01 -1.309924503848227140e+01
3.959999999999988063e+01 -1.320623590740031261e+01
3.969999999999988205e+01 -1.331351541844291830e+01
3.979999999999988347e+01 -1.342108254407816581e+01
3.989999999999987779e+01 -1.352894401311508510e+01
3.999999999999987921e+01 -1.363708831037550517e+01
4.009999999999988063e+01 -1.374551201881974016e+01
4.019999999999987494e+01 -1.385420411072861313e+01
4.029999999999987637e+01 -1.396317707338939229e+01
4.039999999999987779e+01 -1.407241971231053945e+01
4.049999999999987921e+01 -1.418192780125106012e+01
4.059999999999988063e+01 -1.429168471175756494e+01
4.069999999999987494e+01 -1.440171614797263011e+01
4.079999999999987637e+01 -1.451200151756509804e+01
4.089999999999987779e+01 -1.462253663411115312e+01
4.099999999999987210e+01 -1.473330599551505316e+01
4.109999999999987352e+01 -1.484433664862918612e+01
4.119999999999987494e+01 -1.495559761674696908e+01
4.129999999999987637e+01 -1.506711196201872838e+01
4.139999999999987779e+01 -1.517884638485719329e+01
4.149999999999987210e+01 -1.529081020826067849e+01
4.159999999999987352e+01 -1.540301400641081386e+01
4.169999999999987494e+01 -1.551542243029384593e+01
4.179999999999986926e+01 -1.562807704727411462e+01
4.189999999999987068e+01 -1.574092163867930338e+01
4.199999999999987210e+01 -1.585400155813359113e+01
4.209999999999987352e+01 -1.596728879922128286e+01
4.219999999999987494e+01 -1.608078758628515814e+01
4.229999999999986926e+01 -1.619448879534361652e+01
4.239999999999987068e+01 -1.630836995505093512e+01
4.249999999999987210e+01 -1.642248964552237922e+01
4.259999999999986642e+01 -1.653689807358858488e+01
4.269999999999986784e+01 -1.665159100417047000e+01
4.279999999999986926e+01 -1.676628393475235512e+01
4.289999999999987068e+01 -1.688097686533424024e+01
4.299999999999987210e+01 -1.699605732376100065e+01
4.309999999999986642e+01 -1.711124238509626139e+01
4.319999999999986784e+01 -1.722682326293752553e+01
4.329999999999986926e+01 -1.734240414077878967e+01
4.339999999999986358e+01 -1.745798501862004670e+01
4.349999999999986500e+01 -1.757385879396925432e+01
4.359999999999986642e+01 -1.768983149493097073e+01
4.369999999999986784e+01 -1.780600997541209551e+01
4.379999999999986926e+01 -1.792064064658611144e+01
4.389999999999986358e+01 -1.803246579065989152e+01
4.399999999999986500e+01 -1.813991943635194204e+01
4.409999999999986642e+01 -1.824571121346947677e+01
4.419999999999986073e+01 -1.835160815110448240e+01
4.429999999999986215e+01 -1.845764856571884138e+01
4.439999999999986358e+01 -1.856378058549395504e+01
4.449999999999986500e+01 -1.866998592055887940e+01
4.459999999999986642e+01 -1.877632528899354369e+01
4.469999999999986073e+01 -1.888275934210008344e+01
4.479999999999986215e+01 -1.898928531435302958e+01
4.489999999999986358e+01 -1.909589643396601844e+01
4.499999999999985789e+01 -1.920257636301988313e+01
4.509999999999985931e+01 -1.930936656474764490e+01
4.519999999999986073e+01 -1.941624546112308636e+01
4.529999999999986215e+01 -1.952320298947662636e+01
4.539999999999986358e+01 -1.963023620500971234e+01
4.549999999999985789e+01 -1.973734051187252803e+01
4.559999999999985931e+01 -1.984450142746234036e+01
4.569999999999986073e+01 -1.995174169550726262e+01
4.579999999999985505e+01 -2.005904994262621699e+01
4.589999999999985647e+01 -2.016641806904469547e+01
4.599999999999985789e+01 -2.027384291199291866e+01
4.609999999999985931e+01 -2.038132083274413375e+01
4.619999999999986073e+01 -2.048883957864930494e+01
4.629999999999985505e+01 -2.059641144802613510e+01
4.639999999999985647e+01 -2.070403172230863831e+01
4.649999999999985789e+01 -2.081169261702080675e+01
4.659999999999985221e+01 -2.091939086890987909e+01
4.669999999999985363e+01 -2.102712244234350436e+01
4.679999999999985505e+01 -2.113486769462867443e+01
4.689999999999985647e+01 -2.124265518921543716e+01
4.699999999999985789e+01 -2.135047103816616954e+01
4.709999999999985221e+01 -2.145830793577188444e+01
4.719999999999985363e+01 -2.156616259031888561e+01
4.729999999999985505e+01 -2.167403051411695358e+01
4.739999999999984936e+01 -2.178187956034791384e+01
4.749999999999985079e+01 -2.188976329145998179e+01
4.759999999999985221e+01 -2.199765670257130168e+01
4.769999999999985363e+01 -2.210555172570551008e+01
4.779999999999985505e+01 -2.221344513943373400e+01
4.789999999999984936e+01 -2.232133366799109453e+01
4.799999999999985079e+01 -2.242921286473131914e+01
4.809999999999985221e+01 -2.253706094288567741e+01
4.819999999999984652e+01 -2.264491575925488220e+01
4.829999999999984794e+01 -2.275275299944368257e+01
4.839999999999984936e+01 -2.286056946427704162e+01
4.849999999999985079e+01 -2.296836195441538209e+01
4.859999999999985221e+01 -2.307612715810291348e+01
4.869999999999984652e+01 -2.318385938717653616e+01
4.879999999999984794e+01 -2.329154440866475539e+01
4.889999999999984936e+01 -2.339920856774450897e+01
4.899999999999984368e+01 -2.350683287553971113e+01
4.909999999999984510e+01 -2.361441416667660675e+01
4.919999999999984652e+01 -2.372194894010807786e+01
4.929999999999984794e+01 -2.382942643906737956e+01
4.939999999999984936e+01 -2.393681196658577193e+01
4.949999999999984368e+01 -2.404368576247737366e+01
4.959999999999984510e+01 -2.414685825165484800e+01
4.969999999999984652e+01 -2.424416481785840816e+01
4.979999999999984084e+01 -2.434141693722418864e+01
4.989999999999984226e+01 -2.443861210984910670e+01
4.999999999999984368e+01 -2.453574757837888143e+01
5.009999999999984510e+01 -2.463281416138878299e+01
5.019999999999984652e+01 -2.472979885592667770e+01
5.029999999999984084e+01 -2.482674098859116540e+01
5.039999999999984226e+01 -2.492361390037557101e+01
5.049999999999984368e+01 -2.502041515804017280e+01
5.059999999999983800e+01 -2.511714232706010463e+01
5.069999999999983942e+01 -2.521379274635297207e+01
5.079999999999984084e+01 -2.531035866523367162e+01
5.089999999999984226e+01 -2.540681705080459807e+01
5.099999999999984368e+01 -2.550322337783127935e+01
5.109999999999983800e+01 -2.559954362572563014e+01
5.119999999999983942e+01 -2.569577542884425725e+01
5.129999999999984084e+01 -2.579191641816385783e+01
5.139999999999983515e+01 -2.588796391088068560e+01
5.149999999999983658e+01 -2.598390771094812735e+01
5.159999999999983800e+01 -2.607970333254890960e+01
5.169999999999983942e+01 -2.617545687160859558e+01
5.179999999999984084e+01 -2.627110796507607660e+01
5.189999999999983515e+01 -2.636665432650561414e+01
5.199999999999983658e+01 -2.646209368172836918e+01
5.209999999999983800e+01 -2.655742376873616806e+01
5.219999999999983231e+01 -2.665264232787769672e+01
5.229999999999983373e+01 -2.674774687927488515e+01
5.239999999999983515e+01 -2.684272948072648290e+01
5.249999999999983658e+01 -2.693757578429546129e+01
5.259999999999983800e+01 -2.703232655013360386e+01
5.269999999999983231e+01 -2.712695481854644086e+01
5.279999999999983373e+01 -2.722145842144668748e+01
5.289999999999983515e+01 -2.731583520391802722e+01
5.299999999999982947e+01 -2.741008301131757818e+01
5.309999999999983089e+01 -2.750419938915169737e+01
5.319999999999983231e+01 -2.759817525085118106e+01
5.329999999999983373e+01 -2.769198171099351313e+01
5.339999999999983515e+01 -2.778569149174546027e+01
5.349999999999982947e+01 -2.787926178900919538e+01
5.359999999999983089e+01 -2.797269054922247733e+01
5.369999999999983231e+01 -2.806597573371129783e+01
5.379999999999982663e+01 -2.815911531491395792e+01
5.389999999999982805e+01 -2.825210718810491883e+01
5.399999999999982947e+01 -2.834494732198757916e+01
5.409999999999983089e+01 -2.843758336952640775e+01
5.419999999999983231e+01 -2.853011704608093879e+01
5.429999999999982663e+01 -2.862249508922419849e+01
5.439999999999982805e+01 -2.871471556843783901e+01
5.449999999999982947e+01 -2.880677656909451301e+01
5.459999999999982379e+01 -2.889867619281758593e+01
5.469999999999982521e+01 -2.899041255700533171e+01
5.479999999999982663e+01 -2.908126226206701759e+01
5.489999999999982805e+01 -2.916782460555212708e+01
