6.000000000000000000e+00 -8.132348604425256866e-01
6.099999999999999645e+00 -6.544412117506709592e+00
6.199999999999999289e+00 4.695547378553866835e+00
6.299999999999998934e+00 -1.909144885597983565e+00
6.399999999999998579e+00 8.250535027832620605e-01
6.499999999999998224e+00 7.778266956974024815e+00
6.599999999999997868e+00 1.309149033902668124e+00
6.699999999999997513e+00 1.150010842500130082e+01
6.799999999999997158e+00 9.421328273064730752e+00
6.899999999999996803e+00 2.849884269354486133e+00
6.999999999999996447e+00 -1.218050792599369991e+00
7.099999999999996092e+00 -9.275295338251693167e+00
7.199999999999995737e+00 3.137549246460393348e+00
7.299999999999995381e+00 -1.455323747808455082e+01
7.399999999999995026e+00 -1.784570039232357175e+01
7.499999999999994671e+00 -1.833196186699954211e+01
7.599999999999994316e+00 -2.367457439619007786e+01
7.699999999999993960e+00 -2.573421181880542719e+01
7.799999999999993605e+00 -3.954897889610960249e+01
7.899999999999993250e+00 -4.106188118460254799e+01
7.999999999999992895e+00 -4.754966422829830464e+01
8.099999999999992539e+00 -4.510933690236696236e+01
8.199999999999992184e+00 -6.384934572108635109e+01
8.299999999999991829e+00 -6.677925650964566273e+01
8.399999999999991473e+00 -8.332229615621481855e+01
8.499999999999991118e+00 -7.158051968190619618e+01
8.599999999999990763e+00 -8.384851413931293962e+01
8.699999999999990408e+00 -9.308695399164847117e+01
8.799999999999990052e+00 -9.608863671665436357e+01
8.899999999999989697e+00 -1.135113675758636589e+02
8.999999999999989342e+00 -1.048307988590598256e+02
9.099999999999988987e+00 -1.134486671582889130e+02
9.199999999999988631e+00 -1.279314340863833621e+02
9.299999999999988276e+00 -1.386773408196010564e+02
9.399999999999987921e+00 -1.444499058185599552e+02
9.499999999999987566e+00 -1.381361936937744872e+02
9.599999999999987210e+00 -1.506401833654355471e+02
9.699999999999986855e+00 -1.549886377644180016e+02
9.799999999999986500e+00 -1.527788114039720142e+02
9.899999999999986144e+00 -1.616761033701703525e+02
9.999999999999985789e+00 -1.730396943985759037e+02
1.009999999999998543e+01 -1.719311572092284166e+02
1.019999999999998508e+01 -1.679550228737930411e+02
1.029999999999998472e+01 -1.807088577431729846e+02
1.039999999999998437e+01 -1.772232313872418388e+02
1.049999999999998401e+01 -1.900096467261256237e+02
1.059999999999998366e+01 -1.911672799492099273e+02
1.069999999999998330e+01 -1.850842075316453759e+02
1.079999999999998295e+01 -1.935962344438753746e+02
1.089999999999998259e+01 -2.011567202590968009e+02
1.099999999999998224e+01 -2.093338647197974183e+02
1.109999999999998188e+01 -2.088408661713568790e+02
1.119999999999998153e+01 -2.102056301586035829e+02
1.129999999999998117e+01 -2.035201852937343858e+02
1.139999999999998082e+01 -2.043071895646264977e+02
1.149999999999998046e+01 -2.012099353234908392e+02
1.159999999999998010e+01 -2.096716004274172462e+02
1.169999999999997975e+01 -2.132567146998813143e+02
1.179999999999997939e+01 -2.105418981517916279e+02
1.189999999999997904e+01 -2.064861697631947663e+02
1.199999999999997868e+01 -2.122958252744416825e+02
1.209999999999997833e+01 -2.064286857638293498e+02
1.219999999999997797e+01 -2.020113660299031153e+02
1.229999999999997762e+01 -2.087381882899151151e+02
1.239999999999997726e+01 -2.026453494101967863e+02
1.249999999999997691e+01 -2.117418710456823874e+02
1.259999999999997655e+01 -2.080069820258416939e+02
1.269999999999997620e+01 -2.130686718553779144e+02
1.279999999999997584e+01 -2.099080323951235130e+02
1.289999999999997549e+01 -2.069899478063270521e+02
1.299999999999997513e+01 -2.010192015134886958e+02
1.309999999999997478e+01 -2.127781770139342257e+02
1.319999999999997442e+01 -2.012568807103779704e+02
1.329999999999997407e+01 -2.004535162014484797e+02
1.339999999999997371e+01 -2.073244069938438656e+02
1.349999999999997335e+01 -1.902919009481084629e+02
1.359999999999997300e+01 -1.970111987259200248e+02
1.369999999999997264e+01 -1.804004870123036994e+02
1.379999999999997229e+01 -1.946165392817683255e+02
1.389999999999997193e+01 -1.790630108498467052e+02
1.399999999999997158e+01 -1.699133467079714706e+02
1.409999999999997122e+01 -1.850150322568585750e+02
1.419999999999997087e+01 -1.791172230844589421e+02
1.429999999999997051e+01 -1.730968778990287547e+02
1.439999999999997016e+01 -1.725330500748887061e+02
1.449999999999996980e+01 -1.678508497928960708e+02
1.459999999999996945e+01 -1.730716301778057300e+02
1.469999999999996909e+01 -1.678805772581284259e+02
1.479999999999996874e+01 -1.619317067048021670e+02
1.489999999999996838e+01 -1.586162101755101617e+02
1.499999999999996803e+01 -1.634709477302066034e+02
1.509999999999996767e+01 -1.652883655905406499e+02
1.519999999999996732e+01 -1.550171212179393763e+02
1.529999999999996696e+01 -1.572841429634486872e+02
1.539999999999996660e+01 -1.518231468556256800e+02
1.549999999999996625e+01 -1.418316052143634636e+02
1.559999999999996589e+01 -1.438924718781400713e+02
1.569999999999996554e+01 -1.427846349840654909e+02
1.579999999999996518e+01 -1.384144649880413738e+02
1.589999999999996483e+01 -1.239836160949653134e+02
1.599999999999996447e+01 -1.295407400633541783e+02
1.609999999999996589e+01 -1.310273533489543922e+02
1.619999999999996376e+01 -1.291990314309054213e+02
1.629999999999996163e+01 -1.288883704714272085e+02
1.639999999999996305e+01 -1.185292764487944623e+02
1.649999999999996447e+01 -1.121341957808570697e+02
1.659999999999996234e+01 -1.101052092738334807e+02
1.669999999999996021e+01 -1.041514562122620902e+02
1.679999999999996163e+01 -1.027427747718071771e+02
1.689999999999996305e+01 -9.799250755887722164e+01
1.699999999999996092e+01 -9.558407569331730258e+01
1.709999999999995879e+01 -8.968811142777425971e+01
1.719999999999996021e+01 -9.975355034570131352e+01
1.729999999999996163e+01 -8.842440227813264642e+01
1.739999999999995950e+01 -8.151557417930480653e+01
1.749999999999995737e+01 -8.833306946095703438e+01
1.759999999999995879e+01 -8.060581856700741810e+01
1.769999999999996021e+01 -7.701638845546104051e+01
1.779999999999995808e+01 -8.275447571288042070e+01
1.789999999999995595e+01 -7.200023113186010448e+01
1.799999999999995737e+01 -7.634176871874183234e+01
1.809999999999995879e+01 -6.743405846874627230e+01
1.819999999999995666e+01 -6.538335122827572832e+01
1.829999999999995453e+01 -5.955264680024929191e+01
1.839999999999995595e+01 -5.534853042401842060e+01
1.849999999999995737e+01 -6.437354645267339492e+01
1.859999999999995524e+01 -5.139797965000793312e+01
1.869999999999995310e+01 -5.102534507982845469e+01
1.879999999999995453e+01 -4.224551875732269934e+01
1.889999999999995595e+01 -5.624495724687650977e+01
1.899999999999995381e+01 -4.096067193388955019e+01
1.909999999999995168e+01 -5.031976633388666897e+01
1.919999999999995310e+01 -3.604948952480553004e+01
1.929999999999995453e+01 -4.763728208225160898e+01
1.939999999999995239e+01 -4.404925531407594264e+01
1.949999999999995026e+01 -3.408138096920158233e+01
1.959999999999995168e+01 -3.575597630905793523e+01
1.969999999999995310e+01 -3.585081699903292218e+01
1.979999999999995097e+01 -3.601275155425703645e+01
1.989999999999994884e+01 -3.046907344922334104e+01
1.999999999999995026e+01 -3.210831559286689441e+01
2.009999999999995168e+01 -2.791526100811326572e+01
2.019999999999994955e+01 -2.266456168291766460e+01
2.029999999999994742e+01 -2.990776614665292499e+01
2.039999999999994884e+01 -2.541220593816008488e+01
2.049999999999995026e+01 -2.117130342843496749e+01
2.059999999999994813e+01 -1.951876297258353077e+01
2.069999999999994600e+01 -1.744634212152839581e+01
2.079999999999994742e+01 -2.026812599473759491e+01
2.089999999999994884e+01 -8.484466577012502952e+00
2.099999999999994671e+01 -1.361327682848613740e+01
2.109999999999994458e+01 -2.067241416306433521e+01
2.119999999999994600e+01 -1.212811585025581884e+01
2.129999999999994742e+01 -2.817736439569015872e+00
2.139999999999994529e+01 -1.190121562433517610e+01
2.149999999999994316e+01 -1.872392167130313823e+01
2.159999999999994458e+01 -2.188362491556461720e+01
2.169999999999994600e+01 -2.253327511105699443e+01
2.179999999999994387e+01 -1.043156841230930887e+01
2.189999999999994174e+01 -8.222506892946276125e+00
2.199999999999994316e+01 -8.846770802826730673e+00
2.209999999999994458e+01 -9.561090286960927997e+00
2.219999999999994245e+01 -7.991402816450293933e+00
2.229999999999994031e+01 3.064219977702819619e+00
2.239999999999994174e+01 -1.144018419914186424e+01
2.249999999999994316e+01 -1.032871938390896105e+01
2.259999999999994102e+01 -8.643664465712754819e+00
2.269999999999993889e+01 -8.120101581982748229e-01
2.279999999999994031e+01 -6.498037160913075816e+00
2.289999999999994174e+01 1.782092413903109573e+00
2.299999999999993960e+01 -5.605463087803314259e+00
2.309999999999993747e+01 -2.823684831979015097e+00
2.319999999999993889e+01 -2.747370795505508667e+00
2.329999999999994031e+01 1.100961296510013732e+00
2.339999999999993818e+01 -3.915035712040518590e+00
2.349999999999993605e+01 -6.460968829904465416e+00
2.359999999999993747e+01 -5.383240299742316992e+00
2.369999999999993889e+01 -7.440033992097092153e+00
2.379999999999993676e+01 -6.885016560993312495e+00
2.389999999999993463e+01 -9.214736569708225744e+00
2.399999999999993605e+01 1.922581484309221267e+00
2.409999999999993747e+01 -1.835504520218568913e+00
2.419999999999993534e+01 -5.391339238336452233e-01
2.429999999999993321e+01 -1.997897580898554182e+00
2.439999999999993463e+01 -8.714634866680992076e+00
2.449999999999993605e+01 -3.121137159942054318e+00
2.459999999999993392e+01 -8.713726589800605993e+00
2.469999999999993179e+01 7.087600608946161174e+00
2.479999999999993321e+01 -4.568594195055084128e+00
2.489999999999993463e+01 -1.113251424782503385e+01
2.499999999999993250e+01 -2.183680918037808727e+00
2.509999999999993037e+01 -4.108882899161008240e+00
2.519999999999993179e+01 -1.226872584058070714e+01
2.529999999999993321e+01 -5.611613238197933562e+00
2.539999999999993108e+01 -4.345674972309452322e-01
2.549999999999992895e+01 -7.333700145423478034e+00
2.559999999999993037e+01 -8.388714924551104346e+00
2.569999999999993179e+01 -9.700702067758864899e+00
2.579999999999992966e+01 -3.332838015173927637e+00
2.589999999999992752e+01 2.308871493759269811e+00
2.599999999999992895e+01 2.443293146394823090e+00
2.609999999999993037e+01 5.222467087048849876e+00
2.619999999999992824e+01 -2.937558146786249047e+00
2.629999999999992610e+01 -1.082790706794960123e+01
2.639999999999992752e+01 -1.704172369548235810e+00
2.649999999999992895e+01 -2.624703807317616100e+00
2.659999999999992681e+01 -4.435294669791455924e+00
2.669999999999992468e+01 6.620388542839505952e-01
2.679999999999992610e+01 -1.577926552265131566e+00
2.689999999999992752e+01 -1.195175852150825691e+01
2.699999999999992539e+01 4.918343434686187621e-01
2.709999999999992326e+01 4.408230037573291682e+00
2.719999999999992468e+01 8.102731851201747659e-01
2.729999999999992610e+01 2.585544074484444899e-01
2.739999999999992397e+01 3.038900478294819685e+00
2.749999999999992184e+01 -8.408248945448701939e-01
2.759999999999992326e+01 2.048170296696216752e+00
2.769999999999992468e+01 -1.570299108416941536e-01
2.779999999999992255e+01 -4.969008141034013448e+00
2.789999999999992042e+01 -7.187283139766345030e+00
2.799999999999992184e+01 -1.183911738384478518e+01
2.809999999999992326e+01 -6.029789256958052235e+00
2.819999999999992113e+01 -7.546745463371532736e+00
2.829999999999991900e+01 1.321720239926751361e-01
2.839999999999992042e+01 -5.981915004242616796e+00
2.849999999999992184e+01 -3.464676777337251323e+00
2.859999999999991971e+01 -5.355475548578302991e+00
2.869999999999991758e+01 -1.305642461233302498e+01
2.879999999999991900e+01 -6.871300784259704919e+00
2.889999999999992042e+01 -2.862357840851391444e+00
2.899999999999991829e+01 -8.224606714096889704e+00
2.909999999999991616e+01 -3.830282721785166267e+00
2.919999999999991758e+01 -4.512047768183497176e+00
2.929999999999991900e+01 -3.157967548492741638e+00
2.939999999999991687e+01 -3.915395257407717988e+00
2.949999999999991473e+01 -1.735955200517786956e-01
2.959999999999991616e+01 -6.898762162469027182e+00
2.969999999999991758e+01 -7.536622818018070546e+00
2.979999999999991545e+01 -6.200121199119113413e+00
2.989999999999991331e+01 -5.266597888260025506e+00
2.999999999999991473e+01 -1.904355171241620681e-01
3.009999999999991616e+01 -3.661427076637576938e+00
3.019999999999991402e+01 -1.412640155116190677e+00
3.029999999999991189e+01 -3.313385613947139596e+00
3.039999999999991331e+01 -4.307565871964334825e+00
3.049999999999991473e+01 -2.269471298817358651e+00
3.059999999999991260e+01 2.143508510616261020e-01
3.069999999999991047e+01 -4.201268518061821666e+00
3.079999999999991189e+01 -1.088625689544060293e+01
3.089999999999991331e+01 3.177352181235455930e+00
3.099999999999991118e+01 -2.367151669136902115e-02
3.109999999999990905e+01 -9.534387881776336116e+00
3.119999999999991047e+01 -1.079860892366394864e+01
3.129999999999991189e+01 8.514424659995079026e-01
3.139999999999990976e+01 -7.885806059956676606e+00
3.149999999999990763e+01 -8.354396227897662897e+00
3.159999999999990905e+01 -7.281877119150383493e+00
3.169999999999991047e+01 -8.892459978952359734e+00
3.179999999999990834e+01 -4.353221773080537815e-01
3.189999999999990621e+01 -1.111895952156789313e+01
3.199999999999990763e+01 -1.272894647126281953e+01
3.209999999999990905e+01 -9.640287311627123046e+00
3.219999999999990337e+01 -3.418269606752310175e+00
3.229999999999990479e+01 -4.405232055896175503e+00
3.239999999999990621e+01 -8.722281586427540034e+00
3.249999999999990763e+01 -3.702131827832933819e+00
3.259999999999990905e+01 3.707725165341585694e+00
3.269999999999990337e+01 -6.046702207332518064e+00
3.279999999999990479e+01 3.080245380511417608e+00
3.289999999999990621e+01 9.211216910077926201e-01
3.299999999999990052e+01 -6.562154031023599288e+00
3.309999999999990195e+01 -1.466057399148164819e+01
3.319999999999990337e+01 -3.971911920759256809e+00
3.329999999999990479e+01 -8.067996858925168269e+00
3.339999999999990621e+01 -8.341794575221358699e+00
3.349999999999990052e+01 -3.886559367923205777e+00
3.359999999999990195e+01 -1.400555297844951141e+01
3.369999999999990337e+01 -4.323642796207655792e+00
3.379999999999989768e+01 -1.252671057042170588e+01
3.389999999999989910e+01 -6.917259246166082676e+00
3.399999999999990052e+01 -1.041083422344609133e+01
3.409999999999990195e+01 -1.100852570594314628e+00
3.419999999999990337e+01 -1.056130086817810110e+01
3.429999999999989768e+01 -1.420155422479269092e+01
3.439999999999989910e+01 -1.000696853210788007e+01
3.449999999999990052e+01 -1.007640403236606019e+01
3.459999999999989484e+01 -1.408441996155105436e+01
3.469999999999989626e+01 -1.399726728129853726e+01
3.479999999999989768e+01 -1.408187279574391582e+01
3.489999999999989910e+01 -1.372436515650136357e+00
3.499999999999990052e+01 -3.708758483639824632e+00
3.509999999999989484e+01 -1.291259701213824052e+01
3.519999999999989626e+01 -1.705421263593064651e+01
3.529999999999989768e+01 -3.825267662273120983e+00
3.539999999999989200e+01 -2.648437493558080114e+00
3.549999999999989342e+01 -9.569832525018993508e+00
3.559999999999989484e+01 -3.710477219662838166e+00
3.569999999999989626e+01 -9.674097681542104255e-01
3.579999999999989768e+01 -1.739188401284768304e+01
3.589999999999989200e+01 -7.448326025674874451e+00
3.599999999999989342e+01 -4.621753192668218269e+00
3.609999999999989484e+01 -4.029650958641383340e+00
3.619999999999988916e+01 -3.687579403437173831e+00
3.629999999999989058e+01 -5.041065349377423566e+00
3.639999999999989200e+01 -8.425472382050648079e+00
3.649999999999989342e+01 -1.101794689227830482e+01
3.659999999999989484e+01 -4.404393081782968622e+00
3.669999999999988916e+01 -9.822326139369689457e+00
3.679999999999989058e+01 -4.597485313363625536e+00
3.689999999999989200e+01 -1.334533129261599349e+01
3.699999999999988631e+01 -7.382276036729921387e+00
3.709999999999988773e+01 -7.564108909989967877e+00
3.719999999999988916e+01 -6.192511117829600842e+00
3.729999999999989058e+01 -3.451390989142714361e+00
3.739999999999989200e+01 -1.160004463009172504e+01
3.749999999999988631e+01 -2.216986932824661594e+01
3.759999999999988773e+01 -1.285847328183310978e+01
3.769999999999988916e+01 -2.316031821315435479e+01
3.779999999999988347e+01 -1.107437777719215788e+01
3.789999999999988489e+01 -1.088306607518255298e+01
3.799999999999988631e+01 -1.215919120023079181e+01
3.809999999999988773e+01 -1.990605402610938057e+01
3.819999999999988916e+01 -1.540695916511726971e+01
3.829999999999988347e+01 -1.545773705656243635e+01
3.839999999999988489e+01 -9.660659030696695737e+00
3.849999999999988631e+01 -3.443022765300145949e+00
3.859999999999988063e+01 -1.490249938890553771e+01
3.869999999999988205e+01 -1.414149384738538195e+01
3.879999999999988347e+01 -2.038174571334280927e+01
3.889999999999988489e+01 -1.110663722785714924e+01
3.899999999999988631e+01 -1.272107293019203844e+01
3.909999999999988063e+01 -9.074452356620561488e+00
3.919999999999988205e+01 -1.307297327207935211e+01
3.929999999999988347e+01 -6.490771935871331166e+00
3.939999999999987779e+01 -9.870561637062436944e+00
3.949999999999987921e+01 -1.663382490957508253e+01
3.959999999999988063e+01 -5.764652237763285392e+00
3.969999999999988205e+01 -1.433287762607423055e+01
3.979999999999988347e+01 -8.973214664092058257e+00
3.989999999999987779e+01 -1.806177516829215435e+01
3.999999999999987921e+01 -1.321843245419239565e+01
4.009999999999988063e+01 -1.093603484123299907e+01
4.019999999999987494e+01 -1.550882116058997617e+01
4.029999999999987637e+01 -1.275836668340263458e+01
4.039999999999987779e+01 -8.281939127972743009e+00
4.049999999999987921e+01 -1.615320891765378875e+01
4.059999999999988063e+01 -1.453630823472780165e+01
4.069999999999987494e+01 -9.134048508384665865e+00
4.079999999999987637e+01 -1.161830901243230940e+01
4.089999999999987779e+01 -1.557114490358571501e+01
4.099999999999987210e+01 -2.355983340456121766e+01
4.109999999999987352e+01 -2.398354451962285339e+01
4.119999999999987494e+01 -2.203959734910498369e+01
4.129999999999987637e+01 -1.208555137751117137e+01
4.139999999999987779e+01 -2.030869919983742022e+01
4.149999999999987210e+01 -1.582150787274636805e+01
4.159999999999987352e+01 -1.529627564083939184e+01
4.169999999999987494e+01 -9.340281317307336906e+00
4.179999999999986926e+01 -2.890943127201374097e+01
4.189999999999987068e+01 -8.281622526219676317e+00
4.199999999999987210e+01 -1.698683659854079764e+01
4.209999999999987352e+01 -1.158216287864775396e+01
4.219999999999987494e+01 -2.449743272879397082e+01
4.229999999999986926e+01 -2.314006024583911270e+01
4.239999999999987068e+01 -1.924835003542667522e+01
4.249999999999987210e+01 -1.164880435430255190e+01
4.259999999999986642e+01 -1.965904319188556570e+01
4.269999999999986784e+01 -1.649945313590269080e+01
4.279999999999986926e+01 -9.903895355425106573e+00
4.289999999999987068e+01 -1.743225769491483845e+01
4.299999999999987210e+01 -1.786546614752827367e+01
4.309999999999986642e+01 -1.477676130036241631e+01
4.319999999999986784e+01 -2.153766180968091959e+01
4.329999999999986926e+01 -1.368809727706436163e+01
4.339999999999986358e+01 -1.661651733217587079e+01
4.349999999999986500e+01 -2.396056995782447885e+01
4.359999999999986642e+01 -2.187782511460308754e+01
4.369999999999986784e+01 -8.081287937463578430e+00
4.379999999999986926e+01 -2.134275546217228481e+01
4.389999999999986358e+01 -1.564467845280591796e+01
4.399999999999986500e+01 -1.289159611317350596e+01
4.409999999999986642e+01 -1.521176056625738937e+01
4.419999999999986073e+01 -1.516997771915934301e+01
4.429999999999986215e+01 -3.002196014320441719e+01
4.439999999999986358e+01 -2.139888221846554117e+01
4.449999999999986500e+01 -1.337667962335806848e+01
4.459999999999986642e+01 -2.328867089528734979e+01
4.469999999999986073e+01 -1.597128556424018697e+01
4.479999999999986215e+01 -9.439489589355160248e+00
4.489999999999986358e+01 -2.367508276531379607e+01
4.499999999999985789e+01 -1.826554117980016656e+01
4.509999999999985931e+01 -1.903419782989579900e+01
4.519999999999986073e+01 -1.475854093684644219e+01
4.529999999999986215e+01 -1.411364896643037881e+01
4.539999999999986358e+01 -2.790912072905268460e+01
4.549999999999985789e+01 -2.674226081024263024e+01
4.559999999999985931e+01 -2.354545117924201847e+01
4.569999999999986073e+01 -1.601679990153017741e+01
4.579999999999985505e+01 -2.148631821125405850e+01
4.589999999999985647e+01 -1.478915886037466620e+01
4.599999999999985789e+01 -2.605946045750341611e+01
4.609999999999985931e+01 -2.683852508211721499e+01
4.619999999999986073e+01 -2.584542768692391590e+01
4.629999999999985505e+01 -2.532556593265853095e+01
4.639999999999985647e+01 -1.095325726040910297e+01
4.649999999999985789e+01 -2.368377911279143433e+01
4.659999999999985221e+01 -2.505336659267387134e+01
4.669999999999985363e+01 -1.964127758798390744e+01
4.679999999999985505e+01 -2.641288791443552952e+01
4.689999999999985647e+01 -1.815950083498564993e+01
4.699999999999985789e+01 -1.749426865217742488e+01
4.709999999999985221e+01 -2.136950284683188883e+01
4.719999999999985363e+01 -9.555077446080884940e+00
4.729999999999985505e+01 -2.465149647478529360e+01
4.739999999999984936e+01 -1.669642963043560258e+01
4.749999999999985079e+01 -2.360537287431144904e+01
4.759999999999985221e+01 -2.147520160286570956e+01
4.769999999999985363e+01 -2.711349633162035744e+01
4.779999999999985505e+01 -1.761463909728508526e+01
4.789999999999984936e+01 -1.573445671610327778e+01
4.799999999999985079e+01 -3.362698288247483447e+01
4.809999999999985221e+01 -2.198369398813262166e+01
4.819999999999984652e+01 -2.571747359795715937e+01
4.829999999999984794e+01 -2.594015417676106949e+01
4.839999999999984936e+01 -2.447527581827136345e+01
4.849999999999985079e+01 -2.186748943770265186e+01
4.859999999999985221e+01 -2.734840538021264322e+01
4.869999999999984652e+01 -2.612761385492905930e+01
4.879999999999984794e+01 -2.182667122465659304e+01
4.889999999999984936e+01 -2.867093192726030892e+01
4.899999999999984368e+01 -1.002730633466025267e+01
4.909999999999984510e+01 -2.956520395125026468e+01
4.919999999999984652e+01 -1.956332057174963523e+01
4.929999999999984794e+01 -2.115751821665475063e+01
4.939999999999984936e+01 -3.215403857269234322e+01
4.949999999999984368e+01 -3.154758346963940951e+01
4.959999999999984510e+01 -1.524374205403391258e+01
4.969999999999984652e+01 -2.092527095302877527e+01
4.979999999999984084e+01 -2.106387362595843271e+01
4.989999999999984226e+01 -2.489700971000781493e+01
4.999999999999984368e+01 -2.360706085860318737e+01
5.009999999999984510e+01 -1.469252154196522753e+01
5.019999999999984652e+01 -2.070525792461278769e+01
5.029999999999984084e+01 -3.092961045285613153e+01
5.039999999999984226e+01 -3.006410639305966015e+01
5.049999999999984368e+01 -3.157905659563126477e+01
5.059999999999983800e+01 -1.923198091818319355e+01
5.069999999999983942e+01 -2.433329960252740420e+01
5.079999999999984084e+01 -1.804243792609619490e+01
5.089999999999984226e+01 -2.873306139828815020e+01
5.099999999999984368e+01 -2.782243157966337321e+01
5.109999999999983800e+01 -2.636858732772542879e+01
5.119999999999983942e+01 -3.094138681016931613e+01
5.129999999999984084e+01 -2.295175933011316971e+01
5.139999999999983515e+01 -3.640794229457542031e+01
5.149999999999983658e+01 -3.023673910186279201e+01
5.159999999999983800e+01 -2.342093725936345194e+01
5.169999999999983942e+01 -2.949142591476930875e+01
5.179999999999984084e+01 -1.986416302788995125e+01
5.189999999999983515e+01 -2.063828501073659893e+01
5.199999999999983658e+01 -3.110098977381469965e+01
5.209999999999983800e+01 -2.834286870944808712e+01
5.219999999999983231e+01 -2.538733178323232309e+01
5.229999999999983373e+01 -2.367281297473533996e+01
5.239999999999983515e+01 -3.383816690546769479e+01
5.249999999999983658e+01 -2.367679796028590999e+01
5.259999999999983800e+01 -2.509214157201876105e+01
5.269999999999983231e+01 -2.600020811426992040e+01
5.279999999999983373e+01 -3.014502627105976273e+01
5.289999999999983515e+01 -2.370062542828498664e+01
5.299999999999982947e+01 -2.949565365189335253e+01
5.309999999999983089e+01 -2.686660652854625297e+01
5.319999999999983231e+01 -2.996578699090587605e+01
5.329999999999983373e+01 -3.554917060361776748e+01
5.339999999999983515e+01 -3.837392802104578493e+01
5.349999999999982947e+01 -3.194325511973313780e+01
5.359999999999983089e+01 -2.828297552707388363e+01
5.369999999999983231e+01 -2.758534031016920807e+01
5.379999999999982663e+01 -2.605530235472891576e+01
5.389999999999982805e+01 -2.427001572151262465e+01
5.399999999999982947e+01 -2.707114756261295341e+01
5.409999999999983089e+01 -2.984210773828378649e+01
5.419999999999983231e+01 -2.899745512200243525e+01
5.429999999999982663e+01 -2.700948175339656743e+01
5.439999999999982805e+01 -2.611144589239488312e+01
5.449999999999982947e+01 -3.628817491758491798e+01
5.459999999999982379e+01 -2.684179597803404249e+01
5.469999999999982521e+01 -1.901434458352529333e+01
5.479999999999982663e+01 -2.476802563808076130e+01
5.489999999999982805e+01 -2.919091528437540362e+01
