6.000000000000000000e+00 1.094599780778165110e+00
6.099999999999999645e+00 2.436674093409731956e-01
6.199999999999999289e+00 1.479959082981945784e+00
6.299999999999998934e+00 2.491468716812804407e-01
6.399999999999998579e+00 1.494922230651944961e-01
6.499999999999998224e+00 9.556070940680202463e-01
6.599999999999997868e+00 -8.884296795753280351e-01
6.699999999999997513e+00 4.150187982779803275e-01
6.799999999999997158e+00 4.706414925516890779e-01
6.899999999999996803e+00 1.575705963985066793e+00
6.999999999999996447e+00 -7.426527231613971880e-01
7.099999999999996092e+00 -1.168861653215561125e+00
7.199999999999995737e+00 -2.873554728479094766e+00
7.299999999999995381e+00 -9.587827852233360204e+00
7.399999999999995026e+00 -1.448428502486574310e+01
7.499999999999994671e+00 -1.929514279743117200e+01
7.599999999999994316e+00 -2.163157561613118673e+01
7.699999999999993960e+00 -2.991297326967910664e+01
7.799999999999993605e+00 -3.527723441966860918e+01
7.899999999999993250e+00 -4.039005978425741006e+01
7.999999999999992895e+00 -4.827140952893187631e+01
8.099999999999992539e+00 -5.397331271289629484e+01
8.199999999999992184e+00 -5.941456716690540674e+01
8.299999999999991829e+00 -6.612820333298783737e+01
8.399999999999991473e+00 -7.270077006268108732e+01
8.499999999999991118e+00 -8.158756575736776995e+01
8.599999999999990763e+00 -8.669858224512466904e+01
8.699999999999990408e+00 -9.169689843913768357e+01
8.799999999999990052e+00 -9.925782173312832413e+01
8.899999999999989697e+00 -1.076713413607644156e+02
8.999999999999989342e+00 -1.121042444098624173e+02
9.099999999999988987e+00 -1.170227470652522612e+02
9.199999999999988631e+00 -1.257602626288333738e+02
9.299999999999988276e+00 -1.312228297915874577e+02
9.399999999999987921e+00 -1.376772609007585118e+02
9.499999999999987566e+00 -1.442997261202132222e+02
9.599999999999987210e+00 -1.490447254564105890e+02
9.699999999999986855e+00 -1.538095260184578308e+02
9.799999999999986500e+00 -1.601207314208971013e+02
9.899999999999986144e+00 -1.639036526808028782e+02
9.999999999999985789e+00 -1.699998556357265045e+02
1.009999999999998543e+01 -1.733081492122486225e+02
1.019999999999998508e+01 -1.785413068372396026e+02
1.029999999999998472e+01 -1.836410409647886866e+02
1.039999999999998437e+01 -1.863221807468766258e+02
1.049999999999998401e+01 -1.871126734323906078e+02
1.059999999999998366e+01 -1.918639176985427639e+02
1.069999999999998330e+01 -1.947790742234874415e+02
1.079999999999998295e+01 -1.962334734458072205e+02
1.089999999999998259e+01 -2.003644369803347161e+02
1.099999999999998224e+01 -2.011181247629292841e+02
1.109999999999998188e+01 -2.032129039238017754e+02
1.119999999999998153e+01 -2.051620355292172064e+02
1.129999999999998117e+01 -2.080425401354247583e+02
1.139999999999998082e+01 -2.088122594902725382e+02
1.149999999999998046e+01 -2.081932548825693630e+02
1.159999999999998010e+01 -2.100484832345518100e+02
1.169999999999997975e+01 -2.102173313766940055e+02
1.179999999999997939e+01 -2.126417092263006055e+02
1.189999999999997904e+01 -2.106705633769830115e+02
1.199999999999997868e+01 -2.099285045765271036e+02
1.209999999999997833e+01 -2.100885382619429151e+02
1.219999999999997797e+01 -2.100236997729056441e+02
1.229999999999997762e+01 -2.100372464233187770e+02
1.239999999999997726e+01 -2.104419027703182792e+02
1.249999999999997691e+01 -2.096469204344995774e+02
1.259999999999997655e+01 -2.070552614760873382e+02
1.269999999999997620e+01 -2.067041299675522623e+02
1.279999999999997584e+01 -2.060854555948649534e+02
1.289999999999997549e+01 -2.048734360053452406e+02
1.299999999999997513e+01 -2.050045748382111412e+02
1.309999999999997478e+01 -2.022902166391266690e+02
1.319999999999997442e+01 -2.018289340238817431e+02
1.329999999999997407e+01 -1.967757889848962520e+02
1.339999999999997371e+01 -1.986502554807244962e+02
1.349999999999997335e+01 -1.971175407765566945e+02
1.359999999999997300e+01 -1.943741086505037003e+02
1.369999999999997264e+01 -1.909605909083813629e+02
1.379999999999997229e+01 -1.902464597123631052e+02
1.389999999999997193e+01 -1.902424457954546710e+02
1.399999999999997158e+01 -1.869886828015787330e+02
1.409999999999997122e+01 -1.802245531606159830e+02
1.419999999999997087e+01 -1.792526586946285931e+02
1.429999999999997051e+01 -1.777061443955971924e+02
1.439999999999997016e+01 -1.739348346946227650e+02
1.449999999999996980e+01 -1.724714895943080819e+02
1.459999999999996945e+01 -1.687797964524217775e+02
1.469999999999996909e+01 -1.689369480697236270e+02
1.479999999999996874e+01 -1.655373629718645816e+02
1.489999999999996838e+01 -1.626034497898109805e+02
1.499999999999996803e+01 -1.607871859777893917e+02
1.509999999999996767e+01 -1.569162144022412804e+02
1.519999999999996732e+01 -1.554847561454869833e+02
1.529999999999996696e+01 -1.536072443896451603e+02
1.539999999999996660e+01 -1.485211515769220796e+02
1.549999999999996625e+01 -1.453442698547423788e+02
1.559999999999996589e+01 -1.430421340685170151e+02
1.569999999999996554e+01 -1.392899236396138747e+02
1.579999999999996518e+01 -1.358025310099608589e+02
1.589999999999996483e+01 -1.355768542343941476e+02
1.599999999999996447e+01 -1.309773105096100778e+02
1.609999999999996589e+01 -1.278200700739711522e+02
1.619999999999996376e+01 -1.247776954532271247e+02
1.629999999999996163e+01 -1.214325663149313499e+02
1.639999999999996305e+01 -1.192674842703589633e+02
1.649999999999996447e+01 -1.162847017045539957e+02
1.659999999999996234e+01 -1.127562711743971988e+02
1.669999999999996021e+01 -1.091098477700468834e+02
1.679999999999996163e+01 -1.057344753096574692e+02
1.689999999999996305e+01 -1.039878121418340555e+02
1.699999999999996092e+01 -1.006506074091798411e+02
1.709999999999995879e+01 -9.538101932092482116e+01
1.719999999999996021e+01 -9.040710852979509582e+01
1.729999999999996163e+01 -8.973319473327983076e+01
1.739999999999995950e+01 -8.595650006493890771e+01
1.749999999999995737e+01 -8.508598396741827230e+01
1.759999999999995879e+01 -8.404104753625961166e+01
1.769999999999996021e+01 -7.848083357139849170e+01
1.779999999999995808e+01 -7.714864706160497576e+01
1.789999999999995595e+01 -7.248206658115890377e+01
1.799999999999995737e+01 -7.267079777524448048e+01
1.809999999999995879e+01 -6.944839543564783924e+01
1.819999999999995666e+01 -6.485698102939646503e+01
1.829999999999995453e+01 -6.160859455301238796e+01
1.839999999999995595e+01 -5.873685658337087290e+01
1.849999999999995737e+01 -5.771054995599991599e+01
1.859999999999995524e+01 -5.586664915632323414e+01
1.869999999999995310e+01 -5.268767035710818192e+01
1.879999999999995453e+01 -5.107514440212706575e+01
1.889999999999995595e+01 -4.804431059152474859e+01
1.899999999999995381e+01 -4.718766115172488185e+01
1.909999999999995168e+01 -4.688052741143739865e+01
1.919999999999995310e+01 -4.424780766965950818e+01
1.929999999999995453e+01 -4.268569903944794675e+01
1.939999999999995239e+01 -3.884215215770883134e+01
1.949999999999995026e+01 -4.044503662740709160e+01
1.959999999999995168e+01 -3.619766858748158000e+01
1.969999999999995310e+01 -3.483558402460077019e+01
1.979999999999995097e+01 -3.505644888211134713e+01
1.989999999999994884e+01 -2.932825273793129028e+01
1.999999999999995026e+01 -2.850391720452882893e+01
2.009999999999995168e+01 -2.899226316226500089e+01
2.019999999999994955e+01 -2.508209541018226574e+01
2.029999999999994742e+01 -2.493964433891201438e+01
2.039999999999994884e+01 -2.458213371915800849e+01
2.049999999999995026e+01 -2.322422164746920004e+01
2.059999999999994813e+01 -2.353725006623335148e+01
2.069999999999994600e+01 -2.150158986779861436e+01
2.079999999999994742e+01 -1.932369290596764699e+01
2.089999999999994884e+01 -1.972389929735636827e+01
2.099999999999994671e+01 -1.741752024064076920e+01
2.109999999999994458e+01 -1.692656800897687930e+01
2.119999999999994600e+01 -1.583866246731962413e+01
2.129999999999994742e+01 -1.532545130672777312e+01
2.139999999999994529e+01 -1.436446042875722995e+01
2.149999999999994316e+01 -1.307665276099474916e+01
2.159999999999994458e+01 -1.159729828165588827e+01
2.169999999999994600e+01 -1.153666118983264255e+01
2.179999999999994387e+01 -1.218472531625474353e+01
2.189999999999994174e+01 -1.233433084654521039e+01
2.199999999999994316e+01 -1.003437126797222945e+01
2.209999999999994458e+01 -1.154405977140313588e+01
2.219999999999994245e+01 -8.589295868985660221e+00
2.229999999999994031e+01 -7.850639719843258924e+00
2.239999999999994174e+01 -8.931031215113952371e+00
2.249999999999994316e+01 -8.499885520902321190e+00
2.259999999999994102e+01 -8.690970202414014523e+00
2.269999999999993889e+01 -5.720627470447697149e+00
2.279999999999994031e+01 -5.445005402794178551e+00
2.289999999999994174e+01 -6.367204407467804472e+00
2.299999999999993960e+01 -4.688175546825232409e+00
2.309999999999993747e+01 -7.739554432411833496e+00
2.319999999999993889e+01 -6.273782128254495660e+00
2.329999999999994031e+01 -5.015952176534264950e+00
2.339999999999993818e+01 -5.768605777591176320e+00
2.349999999999993605e+01 -4.389364615839992823e+00
2.359999999999993747e+01 -5.604712166399660411e+00
2.369999999999993889e+01 -3.615516947352261479e+00
2.379999999999993676e+01 -5.260777167672889831e+00
2.389999999999993463e+01 -4.062467368326343475e+00
2.399999999999993605e+01 -2.937220554467123268e+00
2.409999999999993747e+01 -3.166354446808886003e+00
2.419999999999993534e+01 -5.599001899277039840e+00
2.429999999999993321e+01 -3.143262155877871500e+00
2.439999999999993463e+01 -3.552087916706636594e+00
2.449999999999993605e+01 -2.085432837812330575e+00
2.459999999999993392e+01 -2.864793249544542064e+00
2.469999999999993179e+01 -5.842090169786704479e+00
2.479999999999993321e+01 -3.415578771293250604e+00
2.489999999999993463e+01 -3.662688519330000503e+00
2.499999999999993250e+01 -2.562633796233309447e+00
2.509999999999993037e+01 -3.460658854121206662e+00
2.519999999999993179e+01 -1.743546826564111418e+00
2.529999999999993321e+01 -3.053105559705978411e+00
2.539999999999993108e+01 -1.900065356166820152e+00
2.549999999999992895e+01 -3.760016931644399207e+00
2.559999999999993037e+01 -3.947522741948771063e+00
2.569999999999993179e+01 -2.892436923526636061e+00
2.579999999999992966e+01 -3.196689811780734303e+00
2.589999999999992752e+01 -2.206605730563338419e+00
2.599999999999992895e+01 -6.616510216264159805e-01
2.609999999999993037e+01 -2.659725714834280996e+00
2.619999999999992824e+01 -1.008748574967836209e+00
2.629999999999992610e+01 -2.085610100484129870e+00
2.639999999999992752e+01 -2.522649732389266042e+00
2.649999999999992895e+01 -3.753958714773479866e+00
2.659999999999992681e+01 -5.340166837995798943e-01
2.669999999999992468e+01 -3.354201685173744174e+00
2.679999999999992610e+01 -9.527753512879433284e-01
2.689999999999992752e+01 -2.385891113287354592e+00
2.699999999999992539e+01 -3.520450841608369075e-02
2.709999999999992326e+01 -1.493842325911423519e+00
2.719999999999992468e+01 -3.269115528065878351e+00
2.729999999999992610e+01 -2.504464902252376390e+00
2.739999999999992397e+01 -3.123133104597122678e+00
2.749999999999992184e+01 -3.318125375194920679e+00
2.759999999999992326e+01 -2.219905179529141570e+00
2.769999999999992468e+01 -2.610674455603506416e+00
2.779999999999992255e+01 -2.736718931935882004e+00
2.789999999999992042e+01 -3.558456087754766628e+00
2.799999999999992184e+01 -4.055253294932255947e+00
2.809999999999992326e+01 -9.308156953085391372e-01
2.819999999999992113e+01 -3.555390478785734665e+00
2.829999999999991900e+01 -2.133553468115171547e+00
2.839999999999992042e+01 -1.720950394539557227e+00
2.849999999999992184e+01 -4.544517777331002151e+00
2.859999999999991971e+01 -2.907107557006644694e+00
2.869999999999991758e+01 -3.222302403028799667e+00
2.879999999999991900e+01 -3.797918372415247212e+00
2.889999999999992042e+01 -3.227096180765222311e+00
2.899999999999991829e+01 -4.485120093002427311e+00
2.909999999999991616e+01 -4.725466131986488350e+00
2.919999999999991758e+01 -3.698433454589908020e+00
2.929999999999991900e+01 -4.000006181739517608e+00
2.939999999999991687e+01 -2.955017485448625081e+00
2.949999999999991473e+01 -3.165788367727800701e+00
2.959999999999991616e+01 -5.206420832680179522e+00
2.969999999999991758e+01 -3.266388993061166701e+00
2.979999999999991545e+01 -6.252016074223716302e+00
2.989999999999991331e+01 -5.124900152642404727e+00
2.999999999999991473e+01 -3.006689488624614270e+00
3.009999999999991616e+01 -2.416478604985063505e+00
3.019999999999991402e+01 -2.607713173702368437e+00
3.029999999999991189e+01 -3.510463420549260860e+00
3.039999999999991331e+01 -6.660017844679445354e+00
3.049999999999991473e+01 -4.771182841768490057e+00
3.059999999999991260e+01 -4.541742841347040205e+00
3.069999999999991047e+01 -5.228365402100272341e+00
3.079999999999991189e+01 -4.509849758342483916e+00
3.089999999999991331e+01 -2.818056904152287157e+00
3.099999999999991118e+01 -5.649107274585304594e+00
3.109999999999990905e+01 -7.579646101867041352e+00
3.119999999999991047e+01 -5.882867328125023221e+00
3.129999999999991189e+01 -4.798920891354866214e+00
3.139999999999990976e+01 -5.336849212442311696e+00
3.149999999999990763e+01 -4.337795965169387813e+00
3.159999999999990905e+01 -5.471018230668631688e+00
3.169999999999991047e+01 -5.252690399287075707e+00
3.179999999999990834e+01 -5.629728560318824293e+00
3.189999999999990621e+01 -5.997892814444616860e+00
3.199999999999990763e+01 -7.643539141495974576e+00
3.209999999999990905e+01 -7.321447759699639235e+00
3.219999999999990337e+01 -4.793742005883126822e+00
3.229999999999990479e+01 -6.413627778204465280e+00
3.239999999999990621e+01 -5.392491629667832242e+00
3.249999999999990763e+01 -5.135312787378607524e+00
3.259999999999990905e+01 -6.746695084226637995e+00
3.269999999999990337e+01 -6.223781668695543168e+00
3.279999999999990479e+01 -5.619767448000156485e+00
3.289999999999990621e+01 -7.019949181519664627e+00
3.299999999999990052e+01 -6.644147108239487842e+00
3.309999999999990195e+01 -7.377707610377772340e+00
3.319999999999990337e+01 -6.008524489474975638e+00
3.329999999999990479e+01 -7.169140847300591091e+00
3.339999999999990621e+01 -5.828398318473823281e+00
3.349999999999990052e+01 -6.983278451156095024e+00
3.359999999999990195e+01 -7.077519431847886011e+00
3.369999999999990337e+01 -6.433508313935723422e+00
3.379999999999989768e+01 -9.391803195737482568e+00
3.389999999999989910e+01 -6.901320595173663364e+00
3.399999999999990052e+01 -7.001758175416921581e+00
3.409999999999990195e+01 -8.319128503813018938e+00
3.419999999999990337e+01 -9.282469067939107532e+00
3.429999999999989768e+01 -9.309433282394021347e+00
3.439999999999989910e+01 -9.459610017468161658e+00
3.449999999999990052e+01 -7.000026606060222534e+00
3.459999999999989484e+01 -8.967375219575352219e+00
3.469999999999989626e+01 -6.092841972739826417e+00
3.479999999999989768e+01 -8.153726305529001905e+00
3.489999999999989910e+01 -8.888473220815694020e+00
3.499999999999990052e+01 -7.454091385139800963e+00
3.509999999999989484e+01 -9.450391699788134758e+00
3.519999999999989626e+01 -1.024007545538774622e+01
3.529999999999989768e+01 -9.017876414476647895e+00
3.539999999999989200e+01 -7.952288964316512221e+00
3.549999999999989342e+01 -1.143628902625071575e+01
3.559999999999989484e+01 -8.916650458537535684e+00
3.569999999999989626e+01 -9.468333040357109098e+00
3.579999999999989768e+01 -8.500112496052402378e+00
3.589999999999989200e+01 -7.921657181638172673e+00
3.599999999999989342e+01 -9.846764448370088019e+00
3.609999999999989484e+01 -8.605205402313938379e+00
3.619999999999988916e+01 -9.924729271445235312e+00
3.629999999999989058e+01 -9.612298942154454906e+00
3.639999999999989200e+01 -9.237658767028278817e+00
3.649999999999989342e+01 -9.031127370217566508e+00
3.659999999999989484e+01 -1.024619468404711142e+01
3.669999999999988916e+01 -1.106460129850393415e+01
3.679999999999989058e+01 -1.074775970948738291e+01
3.689999999999989200e+01 -1.137489612635056346e+01
3.699999999999988631e+01 -9.962559196691618268e+00
3.709999999999988773e+01 -9.468601133308565565e+00
3.719999999999988916e+01 -9.705266781085898131e+00
3.729999999999989058e+01 -1.032464821898303420e+01
3.739999999999989200e+01 -1.073125214611244438e+01
3.749999999999988631e+01 -1.130428579174083481e+01
3.759999999999988773e+01 -1.144146608412038901e+01
3.769999999999988916e+01 -9.247462689144187564e+00
3.779999999999988347e+01 -1.237155929163407464e+01
3.789999999999988489e+01 -1.097868737536846417e+01
3.799999999999988631e+01 -1.034437731370342028e+01
3.809999999999988773e+01 -1.044034811377660432e+01
3.819999999999988916e+01 -1.232749005411019283e+01
3.829999999999988347e+01 -1.124595917922841792e+01
3.839999999999988489e+01 -1.188764683081883078e+01
3.849999999999988631e+01 -1.158818368490757322e+01
3.859999999999988063e+01 -1.319264064702086259e+01
3.869999999999988205e+01 -1.121815778694984900e+01
3.879999999999988347e+01 -1.090097235792480745e+01
3.889999999999988489e+01 -1.445638803164315966e+01
3.899999999999988631e+01 -1.230841886656714301e+01
3.909999999999988063e+01 -1.209804611293292886e+01
3.919999999999988205e+01 -1.473842637486889728e+01
3.929999999999988347e+01 -1.200593638836610921e+01
3.939999999999987779e+01 -1.265298322420320787e+01
3.949999999999987921e+01 -1.381165186798796540e+01
3.959999999999988063e+01 -1.406924370940888380e+01
3.969999999999988205e+01 -1.200793285699749013e+01
3.979999999999988347e+01 -1.459955819502789609e+01
3.989999999999987779e+01 -1.521343522476177057e+01
3.999999999999987921e+01 -1.321999630273626636e+01
4.009999999999988063e+01 -1.400562093197922309e+01
4.019999999999987494e+01 -1.389692609346663410e+01
4.029999999999987637e+01 -1.307366897202705225e+01
4.039999999999987779e+01 -1.474481105238197465e+01
4.049999999999987921e+01 -1.506090878897230567e+01
4.059999999999988063e+01 -1.523800313227650882e+01
4.069999999999987494e+01 -1.518415167156069323e+01
4.079999999999987637e+01 -1.568286662002190468e+01
4.089999999999987779e+01 -1.447310415282954033e+01
4.099999999999987210e+01 -1.583413078843087085e+01
4.109999999999987352e+01 -1.557827249251479351e+01
4.119999999999987494e+01 -1.416820814249922478e+01
4.129999999999987637e+01 -1.525193000794008036e+01
4.139999999999987779e+01 -1.412838729693311990e+01
4.149999999999987210e+01 -1.586022746039031617e+01
4.159999999999987352e+01 -1.560671256805542662e+01
4.169999999999987494e+01 -1.545110084513016169e+01
4.179999999999986926e+01 -1.540390831382304526e+01
4.189999999999987068e+01 -1.733711053639545341e+01
4.199999999999987210e+01 -1.763866558479241675e+01
4.209999999999987352e+01 -1.626185546278846772e+01
4.219999999999987494e+01 -1.680692789559171274e+01
4.229999999999986926e+01 -1.536719928644991739e+01
4.239999999999987068e+01 -1.652281315684057361e+01
4.249999999999987210e+01 -1.634088578850507645e+01
4.259999999999986642e+01 -1.442724731501580493e+01
4.269999999999986784e+01 -1.653228794718528505e+01
4.279999999999986926e+01 -1.557403511455237854e+01
4.289999999999987068e+01 -1.719406600969367815e+01
4.299999999999987210e+01 -1.689209434772805807e+01
4.309999999999986642e+01 -1.689426276479269973e+01
4.319999999999986784e+01 -1.757548548905952046e+01
4.329999999999986926e+01 -1.590334492952705858e+01
4.339999999999986358e+01 -1.968420005865144518e+01
4.349999999999986500e+01 -1.806136045362071485e+01
4.359999999999986642e+01 -1.722573070212202140e+01
4.369999999999986784e+01 -1.737484880398791987e+01
4.379999999999986926e+01 -1.890943183027986407e+01
4.389999999999986358e+01 -1.766462529299037243e+01
4.399999999999986500e+01 -1.756041335108492518e+01
4.409999999999986642e+01 -1.870518160340830605e+01
4.419999999999986073e+01 -1.723974025454044678e+01
4.429999999999986215e+01 -1.845115834599786098e+01
4.439999999999986358e+01 -1.684921626548862861e+01
4.449999999999986500e+01 -1.790655968044285018e+01
4.459999999999986642e+01 -2.001857357419841321e+01
4.469999999999986073e+01 -1.954273743307712863e+01
4.479999999999986215e+01 -1.746072776319188691e+01
4.489999999999986358e+01 -1.925749486409567979e+01
4.499999999999985789e+01 -2.029811662974412556e+01
4.509999999999985931e+01 -1.798480907308011822e+01
4.519999999999986073e+01 -1.821524866036523704e+01
4.529999999999986215e+01 -1.867695414873828952e+01
4.539999999999986358e+01 -1.937038089850132749e+01
4.549999999999985789e+01 -1.858873056696054249e+01
4.559999999999985931e+01 -2.049452393663705863e+01
4.569999999999986073e+01 -1.888516290187137869e+01
4.579999999999985505e+01 -1.977858587215808228e+01
4.589999999999985647e+01 -2.014107186046999587e+01
4.599999999999985789e+01 -1.859330181092163059e+01
4.609999999999985931e+01 -2.042832206068086265e+01
4.619999999999986073e+01 -2.257722512055478248e+01
4.629999999999985505e+01 -2.103982527717345974e+01
4.639999999999985647e+01 -2.054184920320795982e+01
4.649999999999985789e+01 -2.002776256101088137e+01
4.659999999999985221e+01 -2.209159469530308684e+01
4.669999999999985363e+01 -2.021846253761443535e+01
4.679999999999985505e+01 -2.296881339912303233e+01
4.689999999999985647e+01 -2.117260533783356635e+01
4.699999999999985789e+01 -2.047445858005654173e+01
4.709999999999985221e+01 -2.063098944843098792e+01
4.719999999999985363e+01 -2.383112979077903049e+01
4.729999999999985505e+01 -2.276995154016427136e+01
4.739999999999984936e+01 -2.072032967045846519e+01
4.749999999999985079e+01 -2.028395990463629062e+01
4.759999999999985221e+01 -2.118067930811598387e+01
4.769999999999985363e+01 -2.039160226741780590e+01
4.779999999999985505e+01 -2.302226114400692936e+01
4.789999999999984936e+01 -2.274153161195806661e+01
4.799999999999985079e+01 -2.276633653424519466e+01
4.809999999999985221e+01 -2.014857127743499632e+01
4.819999999999984652e+01 -2.176874241560153678e+01
4.829999999999984794e+01 -2.282124268884459539e+01
4.839999999999984936e+01 -2.412493943432654220e+01
4.849999999999985079e+01 -2.216017472785470943e+01
4.859999999999985221e+01 -2.443934043560986780e+01
4.869999999999984652e+01 -2.326361577130215963e+01
4.879999999999984794e+01 -2.311792558880154758e+01
4.889999999999984936e+01 -2.285931903591680481e+01
4.899999999999984368e+01 -2.217062466896538098e+01
4.909999999999984510e+01 -2.253799158812199721e+01
4.919999999999984652e+01 -2.230077518783036794e+01
4.929999999999984794e+01 -2.417424680465677866e+01
4.939999999999984936e+01 -2.295588694854746237e+01
4.949999999999984368e+01 -2.255083622572148272e+01
4.959999999999984510e+01 -2.426417024182493520e+01
4.969999999999984652e+01 -2.434177004985664183e+01
4.979999999999984084e+01 -2.514376186988879880e+01
4.989999999999984226e+01 -2.509162184865665424e+01
4.999999999999984368e+01 -2.322487060512957768e+01
5.009999999999984510e+01 -2.559885601985802595e+01
5.019999999999984652e+01 -2.315700297153347620e+01
5.029999999999984084e+01 -2.373015988789725128e+01
5.039999999999984226e+01 -2.477961155530789839e+01
5.049999999999984368e+01 -2.452209565928946944e+01
5.059999999999983800e+01 -2.482172975988634889e+01
5.069999999999983942e+01 -2.405415464351657207e+01
5.079999999999984084e+01 -2.498392528795475087e+01
5.089999999999984226e+01 -2.496423485543875387e+01
5.099999999999984368e+01 -2.623272440302698882e+01
5.109999999999983800e+01 -2.634948366029540523e+01
5.119999999999983942e+01 -2.467816081448656007e+01
5.129999999999984084e+01 -2.498049399489600830e+01
5.139999999999983515e+01 -2.553485616312575956e+01
5.149999999999983658e+01 -2.436741008899254624e+01
5.159999999999983800e+01 -2.658425630049584854e+01
5.169999999999983942e+01 -2.721432915262052887e+01
5.179999999999984084e+01 -2.605183585760820009e+01
5.189999999999983515e+01 -2.571288659361649565e+01
5.199999999999983658e+01 -2.532560550528184962e+01
5.209999999999983800e+01 -2.647581545740963804e+01
5.219999999999983231e+01 -2.614703256904582318e+01
5.229999999999983373e+01 -2.822061266282555536e+01
5.239999999999983515e+01 -2.813030332278046686e+01
5.249999999999983658e+01 -2.814879463542872173e+01
5.259999999999983800e+01 -2.686847354441844615e+01
5.269999999999983231e+01 -2.827127175530146275e+01
5.279999999999983373e+01 -2.697891463566507753e+01
5.289999999999983515e+01 -2.704340310143754422e+01
5.299999999999982947e+01 -2.694335036216797974e+01
5.309999999999983089e+01 -2.829565481740484856e+01
5.319999999999983231e+01 -2.869528408035432676e+01
5.329999999999983373e+01 -2.822837775340853383e+01
5.339999999999983515e+01 -2.742695859408791748e+01
5.349999999999982947e+01 -2.864785920496688121e+01
5.359999999999983089e+01 -2.789393949537856088e+01
5.369999999999983231e+01 -2.771297613397419823e+01
5.379999999999982663e+01 -2.797447871653735874e+01
5.389999999999982805e+01 -2.648714541364043384e+01
5.399999999999982947e+01 -2.897111106445431972e+01
5.409999999999983089e+01 -2.863506286129668155e+01
5.419999999999983231e+01 -2.800713870964986540e+01
5.429999999999982663e+01 -2.959057661075270929e+01
5.439999999999982805e+01 -2.950087056983680611e+01
5.449999999999982947e+01 -2.969429409243254270e+01
5.459999999999982379e+01 -2.986973623763278596e+01
5.469999999999982521e+01 -2.755782435979451606e+01
5.479999999999982663e+01 -2.843732984404140751e+01
5.489999999999982805e+01 -2.858497741683021687e+01
