6.000000000000000000e+00 3.524425107830615644e+01
6.099999999999999645e+00 4.763584002171906917e+01
6.199999999999999289e+00 -2.348149011767463534e+01
6.299999999999998934e+00 -1.427533431995598612e+01
6.399999999999998579e+00 2.978874673830368991e+01
6.499999999999998224e+00 -5.359095218403025740e+01
6.599999999999997868e+00 -3.896224740609688553e+01
6.699999999999997513e+00 1.620599612827160030e+01
6.799999999999997158e+00 1.159271584025402113e+01
6.899999999999996803e+00 -3.238095617809868987e+00
6.999999999999996447e+00 4.292176963560062575e+01
7.099999999999996092e+00 -4.832746004961856556e+01
7.199999999999995737e+00 4.178490006913878574e+01
7.299999999999995381e+00 -6.375829834803646179e+01
7.399999999999995026e+00 2.489064864893750340e+00
7.499999999999994671e+00 2.984375136391291150e+01
7.599999999999994316e+00 -2.816363903630786325e+01
7.699999999999993960e+00 -8.183216598496431970e+01
7.799999999999993605e+00 6.508180598103427883e+01
7.899999999999993250e+00 -5.401075498382358830e+01
7.999999999999992895e+00 -4.669123495669098389e+01
8.099999999999992539e+00 -3.086634871087322551e+01
8.199999999999992184e+00 -7.112178029946417723e+01
8.299999999999991829e+00 -1.415493823863180296e+02
8.399999999999991473e+00 -6.908415743297415190e+01
8.499999999999991118e+00 -1.009130366552757607e+02
8.599999999999990763e+00 -1.665163332353295687e+02
8.699999999999990408e+00 -1.567745382006352202e+02
8.799999999999990052e+00 -9.463794561871394251e+01
8.899999999999989697e+00 -9.717302880676993482e+01
8.999999999999989342e+00 -1.408820444212461496e+02
9.099999999999988987e+00 -8.707975023691201955e+01
9.199999999999988631e+00 -1.620320641149289145e+02
9.299999999999988276e+00 -1.106190704317921387e+02
9.399999999999987921e+00 -2.484093595084670483e+02
9.499999999999987566e+00 -1.616921116488235839e+02
9.599999999999987210e+00 -1.228991350846830528e+02
9.699999999999986855e+00 -1.843259354087951465e+02
9.799999999999986500e+00 -1.362732750486189843e+02
9.899999999999986144e+00 -1.931691993459006937e+02
9.999999999999985789e+00 -2.286192531120977378e+02
1.009999999999998543e+01 -2.169001232229808807e+02
1.019999999999998508e+01 -2.217619884538017061e+02
1.029999999999998472e+01 -2.592700059286465830e+02
1.039999999999998437e+01 -1.340199533079714058e+02
1.049999999999998401e+01 -2.237036671613194869e+02
1.059999999999998366e+01 -1.737884807687202340e+02
1.069999999999998330e+01 -2.092025430613414869e+02
1.079999999999998295e+01 -1.651096854821469719e+02
1.089999999999998259e+01 -2.750612668646668340e+02
1.099999999999998224e+01 -1.931758785423971005e+02
1.109999999999998188e+01 -2.329556543173478076e+02
1.119999999999998153e+01 -2.764406156958424390e+02
1.129999999999998117e+01 -1.874375544798892861e+02
1.139999999999998082e+01 -1.341678461850593180e+02
1.149999999999998046e+01 -2.542953038797679710e+02
1.159999999999998010e+01 -1.915936325443184387e+02
1.169999999999997975e+01 -1.608394450131936253e+02
1.179999999999997939e+01 -2.237961326126282415e+02
1.189999999999997904e+01 -1.635484921904720466e+02
1.199999999999997868e+01 -1.662407924647414461e+02
1.209999999999997833e+01 -1.523238539897724309e+02
1.219999999999997797e+01 -1.386172072528322872e+02
1.229999999999997762e+01 -1.703949060843059726e+02
1.239999999999997726e+01 -1.301607833212167975e+02
1.249999999999997691e+01 -1.052868023640387349e+02
1.259999999999997655e+01 -1.718697888978686024e+02
1.269999999999997620e+01 -1.994024963836823474e+02
1.279999999999997584e+01 -2.640554265466133188e+02
1.289999999999997549e+01 -2.313742974153457226e+02
1.299999999999997513e+01 -2.622226172804789144e+02
1.309999999999997478e+01 -1.708317508522582102e+02
1.319999999999997442e+01 -3.018793312323252849e+02
1.329999999999997407e+01 -9.667283728716751057e+01
1.339999999999997371e+01 -1.856139706125327677e+02
1.349999999999997335e+01 -1.581626439889243443e+02
1.359999999999997300e+01 -1.172543493289492176e+02
1.369999999999997264e+01 -1.555047193451349585e+02
1.379999999999997229e+01 -2.347303899629864361e+02
1.389999999999997193e+01 -2.571503899647161688e+02
1.399999999999997158e+01 -2.085213661898860096e+02
1.409999999999997122e+01 -2.257864605800012612e+02
1.419999999999997087e+01 -1.362002772045566701e+02
1.429999999999997051e+01 -1.776592593291460105e+02
1.439999999999997016e+01 -2.081412308816946677e+02
1.449999999999996980e+01 -2.390493605403204356e+02
1.459999999999996945e+01 -8.647467756546942041e+01
1.469999999999996909e+01 -2.249905228180240329e+02
1.479999999999996874e+01 -1.945287739819951867e+02
1.489999999999996838e+01 -2.450297065908707452e+02
1.499999999999996803e+01 -1.580402613635442890e+02
1.509999999999996767e+01 -1.435845083206134518e+02
1.519999999999996732e+01 -1.833789766543969222e+02
1.529999999999996696e+01 -5.989940392197517838e+01
1.539999999999996660e+01 -1.592416467430691398e+02
1.549999999999996625e+01 -1.834916257663907118e+02
1.559999999999996589e+01 -1.183259540322461447e+02
1.569999999999996554e+01 -1.341425535808006657e+02
1.579999999999996518e+01 -8.352177452549815939e+01
1.589999999999996483e+01 -1.334819885966363984e+02
1.599999999999996447e+01 -2.106121596738065591e+02
1.609999999999996589e+01 -3.427456494458695602e+01
1.619999999999996376e+01 -1.513120295057339604e+02
1.629999999999996163e+01 -4.594025451902511747e+01
1.639999999999996305e+01 -1.717410378772662227e+01
1.649999999999996447e+01 -2.299255254274813183e+02
1.659999999999996234e+01 -1.752266465833697566e+02
1.669999999999996021e+01 -1.543160037559694615e+02
1.679999999999996163e+01 -6.774957526458464940e+01
1.689999999999996305e+01 -6.156633109571274787e+01
1.699999999999996092e+01 -1.192214660682516438e+02
1.709999999999995879e+01 -1.027611663403502575e+02
1.719999999999996021e+01 -5.833879675302746648e+01
1.729999999999996163e+01 -9.658677966157189587e+01
1.739999999999995950e+01 -1.875460504196268516e+02
1.749999999999995737e+01 -7.937558923986583181e+01
1.759999999999995879e+01 -1.006679160657475194e+02
1.769999999999996021e+01 8.199709394202628232e+00
1.779999999999995808e+01 -8.676259444477132377e+01
1.789999999999995595e+01 -1.035631564312228932e+02
1.799999999999995737e+01 -2.836145939235785818e+01
1.809999999999995879e+01 -5.442882060050771997e+01
1.819999999999995666e+01 -1.209636676957575929e+01
1.829999999999995453e+01 -8.378564840704596861e+01
1.839999999999995595e+01 -1.282271397261745278e+02
1.849999999999995737e+01 -1.626565144414018960e+01
1.859999999999995524e+01 -1.144168560462555746e+02
1.869999999999995310e+01 -7.788390681843372931e+01
1.879999999999995453e+01 -8.847865964645157533e+01
1.889999999999995595e+01 -1.964891503188762201e+01
1.899999999999995381e+01 -5.010785339596639432e+01
1.909999999999995168e+01 -1.294479152276641400e+02
1.919999999999995310e+01 -5.901972614474465217e+01
1.929999999999995453e+01 -3.978294019397313264e+01
1.939999999999995239e+01 2.286357284385889699e+01
1.949999999999995026e+01 -3.201404459877161912e+01
1.959999999999995168e+01 -6.851242433336454951e+01
1.969999999999995310e+01 -8.851109319993197744e+01
1.979999999999995097e+01 -1.314222553399857247e+02
1.989999999999994884e+01 -4.549675687085203890e+01
1.999999999999995026e+01 1.761773368327511591e+01
2.009999999999995168e+01 -1.020790231582142553e+02
2.019999999999994955e+01 -9.420252448970342130e+01
2.029999999999994742e+01 6.105869058986542086e+00
2.039999999999994884e+01 -6.804229063323809612e+01
2.049999999999995026e+01 -7.927043561169199393e+00
2.059999999999994813e+01 -4.262198589222384726e+01
2.069999999999994600e+01 -2.797794304367391049e+01
2.079999999999994742e+01 -2.739843564726193392e+01
2.089999999999994884e+01 -7.921134504336484383e+01
2.099999999999994671e+01 -4.458170562788256319e+01
2.109999999999994458e+01 -2.427557774795017664e+01
2.119999999999994600e+01 1.577616076292643577e+01
2.129999999999994742e+01 7.306580592365904181e+00
2.139999999999994529e+01 2.359811117365110178e+01
2.149999999999994316e+01 -8.851805702913517848e+01
2.159999999999994458e+01 9.338043540607609216e+00
2.169999999999994600e+01 -6.840046553779122007e+01
2.179999999999994387e+01 2.307691388593971382e+01
2.189999999999994174e+01 -3.170930265265229409e+01
2.199999999999994316e+01 8.839894002558983743e+01
2.209999999999994458e+01 -2.245283642203241392e+00
2.219999999999994245e+01 -5.628780680417422388e+01
2.229999999999994031e+01 -1.527580999053994582e+01
2.239999999999994174e+01 4.870547271730505656e+01
2.249999999999994316e+01 -2.415630484181853177e+01
2.259999999999994102e+01 -1.619781115338271604e+01
2.269999999999993889e+01 -3.093412582225559859e+01
2.279999999999994031e+01 4.297518438187018575e+01
2.289999999999994174e+01 -1.813423986648138850e+02
2.299999999999993960e+01 7.726615910048533209e-01
2.309999999999993747e+01 -3.524931906491168832e+00
2.319999999999993889e+01 -5.680262190913182252e+01
2.329999999999994031e+01 6.735456029294925884e+01
2.339999999999993818e+01 -7.060089570580068141e+01
2.349999999999993605e+01 5.469321735128566786e+01
2.359999999999993747e+01 -1.190428135283397353e+02
2.369999999999993889e+01 7.120089830821612509e+01
2.379999999999993676e+01 2.574012740657213527e+00
2.389999999999993463e+01 -7.617207346166351556e+01
2.399999999999993605e+01 -3.515931168254389405e+01
2.409999999999993747e+01 -6.694033268981941376e+01
2.419999999999993534e+01 -7.327875876212391404e+01
2.429999999999993321e+01 4.730984209581777122e+01
2.439999999999993463e+01 -4.531882624641031754e+00
2.449999999999993605e+01 -7.287103588274584354e+01
2.459999999999993392e+01 -3.722542547468312080e+01
2.469999999999993179e+01 7.015542053842953152e+00
2.479999999999993321e+01 -2.576279717840586514e+01
2.489999999999993463e+01 7.888504639613843850e+00
2.499999999999993250e+01 8.660276936016252591e+01
2.509999999999993037e+01 5.657916506261794609e+01
2.519999999999993179e+01 6.642729909053393555e+01
2.529999999999993321e+01 7.724205967222371783e+01
2.539999999999993108e+01 1.575085762538397915e+01
2.549999999999992895e+01 4.772192269038502133e-01
2.559999999999993037e+01 3.606394607224606830e+01
2.569999999999993179e+01 8.399867629039336236e+01
2.579999999999992966e+01 -2.185888405480262620e+01
2.589999999999992752e+01 -1.458067170714861049e+01
2.599999999999992895e+01 8.283951816315092742e+01
2.609999999999993037e+01 4.391415608223864808e+01
2.619999999999992824e+01 -4.250544944269869063e+01
2.629999999999992610e+01 -1.157333540085066943e+02
2.639999999999992752e+01 -1.829967734273169810e+01
2.649999999999992895e+01 1.048608248116033792e+01
2.659999999999992681e+01 -5.442729395823377558e+01
2.669999999999992468e+01 -2.890281725611231778e+01
2.679999999999992610e+01 -4.758823483744323823e+01
2.689999999999992752e+01 4.141026882432208112e+01
2.699999999999992539e+01 -4.301114336375659519e+01
2.709999999999992326e+01 5.172296137871796162e+01
2.719999999999992468e+01 2.133055669656688025e+01
2.729999999999992610e+01 9.640951700338902697e+00
2.739999999999992397e+01 -3.451704261139161645e+01
2.749999999999992184e+01 4.213008445124153667e+01
2.759999999999992326e+01 4.787693955762013331e+01
2.769999999999992468e+01 -3.766185947616490637e+01
2.779999999999992255e+01 4.841048780661949280e+01
2.789999999999992042e+01 7.927948597761903216e+01
2.799999999999992184e+01 6.629836352133152388e+01
2.809999999999992326e+01 -4.631118062382541645e+00
2.819999999999992113e+01 -6.505203226384443838e+01
2.829999999999991900e+01 -1.654383070212695728e+01
2.839999999999992042e+01 1.675694516593218708e+01
2.849999999999992184e+01 1.108485118471049091e+01
2.859999999999991971e+01 7.301267715568091887e+01
2.869999999999991758e+01 -1.954138474881086651e+01
2.879999999999991900e+01 1.944361251303649141e+01
2.889999999999992042e+01 4.918485951218912078e+01
2.899999999999991829e+01 -1.262879052440482930e+00
2.909999999999991616e+01 -1.009829736084633645e+01
2.919999999999991758e+01 -3.627887196339468545e+01
2.929999999999991900e+01 2.143809177485059614e+00
2.939999999999991687e+01 6.397891656995273024e+01
2.949999999999991473e+01 1.207260512011694686e+02
2.959999999999991616e+01 -8.067987666576287609e+01
2.969999999999991758e+01 3.726829526520602087e+01
2.979999999999991545e+01 1.361994211010856937e+01
2.989999999999991331e+01 -3.823883526547943035e+01
2.999999999999991473e+01 4.258948568175290461e+01
3.009999999999991616e+01 -2.901158215642080762e+01
3.019999999999991402e+01 -1.235208041699224779e+01
3.029999999999991189e+01 -1.957756955434052060e+01
3.039999999999991331e+01 -5.705943555820395829e+01
3.049999999999991473e+01 -2.124742743776104703e+01
3.059999999999991260e+01 -1.828774646461270947e+01
3.069999999999991047e+01 1.044878059155657013e+00
3.079999999999991189e+01 7.059695415836736743e+01
3.089999999999991331e+01 -2.209196107419949229e+01
3.099999999999991118e+01 -3.150096744853414066e+01
3.109999999999990905e+01 -4.650820997723833727e+01
3.119999999999991047e+01 5.695010187645006283e+01
3.129999999999991189e+01 4.215043552451616549e+00
3.139999999999990976e+01 -1.199647710897628627e+01
3.149999999999990763e+01 1.002837788975095812e+01
3.159999999999990905e+01 -1.001445692824504441e+01
3.169999999999991047e+01 -2.948630968762815385e+01
3.179999999999990834e+01 -4.029741730519934606e+01
3.189999999999990621e+01 -3.634953504820579440e+01
3.199999999999990763e+01 -7.122138615133141570e+01
3.209999999999990905e+01 7.664754873274931413e+01
3.219999999999990337e+01 4.274423478712697033e+01
3.229999999999990479e+01 2.797736278398016907e+01
3.239999999999990621e+01 -3.053985238251687662e+01
3.249999999999990763e+01 -1.991971752582217903e+01
3.259999999999990905e+01 4.272857728026042423e+01
3.269999999999990337e+01 1.328177754567819591e+02
3.279999999999990479e+01 8.084585156758311086e+01
3.289999999999990621e+01 6.947991033105142833e+01
3.299999999999990052e+01 -5.088662836683536739e+01
3.309999999999990195e+01 -4.156395032469749395e+01
3.319999999999990337e+01 -4.985348833511968003e+00
3.329999999999990479e+01 7.868422037343535180e+01
3.339999999999990621e+01 -1.534429760649163654e+01
3.349999999999990052e+01 5.247664710862980542e+01
3.359999999999990195e+01 -3.428713899350523775e+01
3.369999999999990337e+01 -3.795982705844691907e+01
3.379999999999989768e+01 -4.073510638032953324e-01
3.389999999999989910e+01 -6.738008991563420125e+01
3.399999999999990052e+01 -2.966445787815791846e+01
3.409999999999990195e+01 -1.707157020380703827e+01
3.419999999999990337e+01 1.867604756953156198e+01
3.429999999999989768e+01 -2.849289274801152771e+01
3.439999999999989910e+01 9.438439252562137227e+00
3.449999999999990052e+01 -2.024431888873771967e+01
3.459999999999989484e+01 -1.901404987932841806e+01
3.469999999999989626e+01 -5.781050393708873969e+01
3.479999999999989768e+01 -2.225157519838964504e+01
3.489999999999989910e+01 1.690695592991336937e+01
3.499999999999990052e+01 3.962973682577700885e+00
3.509999999999989484e+01 2.191495481452741245e+01
3.519999999999989626e+01 -5.423407053223817798e+01
3.529999999999989768e+01 -9.769521145079258417e+01
3.539999999999989200e+01 1.134498445762677754e+01
3.549999999999989342e+01 -2.878356636977214578e+01
3.559999999999989484e+01 -2.913542272911913500e+01
3.569999999999989626e+01 -2.208122338324226774e+01
3.579999999999989768e+01 -2.289404745643848571e+01
3.589999999999989200e+01 -1.094784014047685261e+01
3.599999999999989342e+01 -3.376977647167529994e+01
3.609999999999989484e+01 -2.309766597722594383e+01
3.619999999999988916e+01 -8.127381608569638161e+01
3.629999999999989058e+01 7.385501088094372335e+01
3.639999999999989200e+01 -1.052217403234993895e+02
3.649999999999989342e+01 5.793275158863367835e+01
3.659999999999989484e+01 -1.587454880158350790e+01
3.669999999999988916e+01 7.940186889496399658e+01
3.679999999999989058e+01 1.887752236153566798e+00
3.689999999999989200e+01 2.561385201777664378e+00
3.699999999999988631e+01 -4.957333220155922504e+01
3.709999999999988773e+01 4.734983189962180816e+00
3.719999999999988916e+01 -5.425926677695719036e+01
3.729999999999989058e+01 -1.835439743737365603e+01
3.739999999999989200e+01 5.431160203064107961e+00
3.749999999999988631e+01 1.260157535553418029e+01
3.759999999999988773e+01 1.824494721220511906e+01
3.769999999999988916e+01 -9.586643200223707595e+01
3.779999999999988347e+01 1.538937936946382301e+01
3.789999999999988489e+01 -1.479564073194258533e+01
3.799999999999988631e+01 -8.868026480226474462e+01
3.809999999999988773e+01 -5.964485001471070547e+01
3.819999999999988916e+01 1.227449616712247682e+01
3.829999999999988347e+01 5.667229197781551164e+01
3.839999999999988489e+01 8.022629051427720981e+01
3.849999999999988631e+01 -1.577360449158950928e+01
3.859999999999988063e+01 -3.362506602231668040e+01
3.869999999999988205e+01 -2.261961415155755972e+01
3.879999999999988347e+01 2.207257055853840200e+01
3.889999999999988489e+01 1.970418211081221216e+01
3.899999999999988631e+01 -1.060570696438438887e+01
3.909999999999988063e+01 -6.174883094474985512e-01
3.919999999999988205e+01 6.492787203995112577e+01
3.929999999999988347e+01 -4.175227863775039339e+01
3.939999999999987779e+01 -7.201784866692726439e-01
3.949999999999987921e+01 1.001394200392434009e+01
3.959999999999988063e+01 -4.817462078118906987e+01
3.969999999999988205e+01 9.412971622043606601e+00
3.979999999999988347e+01 -3.323365282083378958e+01
3.989999999999987779e+01 4.178001040447532688e+01
3.999999999999987921e+01 5.235337840152521949e+01
4.009999999999988063e+01 -6.078350500980909032e+01
4.019999999999987494e+01 -1.114056623883210762e+01
4.029999999999987637e+01 -3.896306630832214779e+01
4.039999999999987779e+01 4.188411041750819663e+01
4.049999999999987921e+01 -3.323075865971550513e+01
4.059999999999988063e+01 9.805214672947943200e+01
4.069999999999987494e+01 3.496571638256646963e+01
4.079999999999987637e+01 -3.553241455626299228e+00
4.089999999999987779e+01 -6.639848307860785326e+01
4.099999999999987210e+01 2.376585109857514055e+01
4.109999999999987352e+01 -3.647217375880833146e+01
4.119999999999987494e+01 -4.337424982895099035e+00
4.129999999999987637e+01 -4.742693335910468022e+01
4.139999999999987779e+01 -3.449148637730079514e+01
4.149999999999987210e+01 -3.179789499846317113e+01
4.159999999999987352e+01 -5.225052285486923864e+01
4.169999999999987494e+01 -4.876689631113973178e+01
4.179999999999986926e+01 5.665343666049932381e+01
4.189999999999987068e+01 -3.370195413495586934e-01
4.199999999999987210e+01 -2.152602559883997202e+01
4.209999999999987352e+01 -7.133742325360722702e+01
4.219999999999987494e+01 1.450581864361139495e+01
4.229999999999986926e+01 -1.427501266325640472e+02
4.239999999999987068e+01 7.845455102314854656e+00
4.249999999999987210e+01 -4.521124834426145611e+01
4.259999999999986642e+01 -5.966970019045878360e+01
4.269999999999986784e+01 -7.116545894035640174e+01
4.279999999999986926e+01 -1.993272623668185517e+01
4.289999999999987068e+01 4.156241351764116132e+01
4.299999999999987210e+01 -8.363303730217944576e+01
4.309999999999986642e+01 -1.465013380924617081e+01
4.319999999999986784e+01 -7.297369596972527006e+01
4.329999999999986926e+01 8.654405042647848489e+00
4.339999999999986358e+01 2.528667998837309128e+01
4.349999999999986500e+01 -6.343343471661914634e+01
4.359999999999986642e+01 1.120560476673617956e+01
4.369999999999986784e+01 -1.133381147918068024e+02
4.379999999999986926e+01 -1.203007060053850381e+02
4.389999999999986358e+01 -3.662938385143071685e+01
4.399999999999986500e+01 -1.079224640312720318e+01
4.409999999999986642e+01 -1.543841571251394029e+01
4.419999999999986073e+01 1.179990771769834268e+01
4.429999999999986215e+01 -5.005460834595256614e+01
4.439999999999986358e+01 -1.610827197851596182e+01
4.449999999999986500e+01 -9.642358221640595417e+00
4.459999999999986642e+01 -1.452435284835905804e+01
4.469999999999986073e+01 -5.128876260510419627e+01
4.479999999999986215e+01 2.417638036975303706e+01
4.489999999999986358e+01 5.086685467081263567e+00
4.499999999999985789e+01 -1.067980981418046582e+02
4.509999999999985931e+01 3.180876998528507826e+01
4.519999999999986073e+01 2.077766311130857346e+01
4.529999999999986215e+01 -7.742904004647725458e+01
4.539999999999986358e+01 1.346729142860025874e+01
4.549999999999985789e+01 1.649805816659153379e-01
4.559999999999985931e+01 -1.554694816811553437e+01
4.569999999999986073e+01 1.859801526512856285e+01
4.579999999999985505e+01 -4.220835543728092176e+01
4.589999999999985647e+01 6.446302715274807582e+00
4.599999999999985789e+01 3.854492207337234788e+01
4.609999999999985931e+01 -1.098842068891433428e+02
4.619999999999986073e+01 2.720094022448604676e+01
4.629999999999985505e+01 7.449846476504717430e+00
4.639999999999985647e+01 -6.556515734106446303e+01
4.649999999999985789e+01 -2.831139064997974231e+01
4.659999999999985221e+01 -2.456042687544408665e+01
4.669999999999985363e+01 -1.510950177910310188e+01
4.679999999999985505e+01 -3.662511037982775974e+01
4.689999999999985647e+01 -2.008912695865877396e+00
4.699999999999985789e+01 -1.444674950498151134e+02
4.709999999999985221e+01 -4.325996728339315212e+01
4.719999999999985363e+01 9.133465379948322749e+00
4.729999999999985505e+01 -6.995018063814465847e+01
4.739999999999984936e+01 2.861137852314440622e+01
4.749999999999985079e+01 -6.874035413106000192e+01
4.759999999999985221e+01 3.602344860064480514e+00
4.769999999999985363e+01 -8.708106163568110958e+01
4.779999999999985505e+01 -1.426046305584215901e+01
4.789999999999984936e+01 -9.963281753123089857e+01
4.799999999999985079e+01 4.804343127919079137e+01
4.809999999999985221e+01 4.184266647890162005e+00
4.819999999999984652e+01 -5.628844320189763550e+01
4.829999999999984794e+01 5.087747783018751591e+01
4.839999999999984936e+01 1.420632709297534291e+01
4.849999999999985079e+01 6.858160210111883259e+00
4.859999999999985221e+01 -2.048497933735770360e+01
4.869999999999984652e+01 -5.147807157881560158e+01
4.879999999999984794e+01 -7.662551665491787389e+01
4.889999999999984936e+01 4.426566065483369528e+01
4.899999999999984368e+01 3.775356391200983808e+01
4.909999999999984510e+01 -1.032482902101843365e+02
4.919999999999984652e+01 -1.279397525700520966e+01
4.929999999999984794e+01 8.138057609391940161e+01
4.939999999999984936e+01 -2.548063891454305008e+01
4.949999999999984368e+01 -1.031226565653458493e+00
4.959999999999984510e+01 3.966120646620857570e+01
4.969999999999984652e+01 -1.862077908127299253e+01
4.979999999999984084e+01 -4.820263965980382181e+01
4.989999999999984226e+01 8.967500228537838325e+01
4.999999999999984368e+01 -1.690993667180839921e+01
5.009999999999984510e+01 -5.394999092263702778e+01
5.019999999999984652e+01 -1.320373896295392342e+02
5.029999999999984084e+01 1.628184493715160031e+01
5.039999999999984226e+01 -8.338947606669913171e+01
5.049999999999984368e+01 -6.508791227560578818e+00
5.059999999999983800e+01 -7.008362510814687596e+01
5.069999999999983942e+01 -7.947604092996559899e+00
5.079999999999984084e+01 -1.684168837154314602e+01
5.089999999999984226e+01 -1.052545003229080010e+02
5.099999999999984368e+01 3.608023297518295180e+01
5.109999999999983800e+01 -1.081513118579058386e+01
5.119999999999983942e+01 -5.544996440591098263e+01
5.129999999999984084e+01 6.753992606865958237e+01
5.139999999999983515e+01 5.932741859684389851e+01
5.149999999999983658e+01 1.578270823506415965e+01
5.159999999999983800e+01 -1.924108079603493593e+01
5.169999999999983942e+01 2.800896752267849621e+01
5.179999999999984084e+01 9.291417880020979680e+00
5.189999999999983515e+01 -2.037605395500511207e+01
5.199999999999983658e+01 -6.702219842684422701e+01
5.209999999999983800e+01 2.278179260811052487e+01
5.219999999999983231e+01 -8.959297729538300814e+01
5.229999999999983373e+01 1.371572599734468412e+01
5.239999999999983515e+01 7.778684587813501139e+00
5.249999999999983658e+01 1.864352387269885725e+01
5.259999999999983800e+01 -1.652361175204239885e+02
5.269999999999983231e+01 2.877039047348602097e+01
5.279999999999983373e+01 -6.132597825302686090e+01
5.289999999999983515e+01 -5.701844575567889706e+01
5.299999999999982947e+01 -4.071702521308647960e+01
5.309999999999983089e+01 -9.136955688947429621e+01
5.319999999999983231e+01 2.366978086407755555e+01
5.329999999999983373e+01 2.993939283891821290e+01
5.339999999999983515e+01 -1.094400354161267614e+02
5.349999999999982947e+01 8.977151172417529779e+01
5.359999999999983089e+01 -1.179133035000988343e+02
5.369999999999983231e+01 6.336789088163894235e+01
5.379999999999982663e+01 3.860751207978060506e+01
5.389999999999982805e+01 -9.172707661476978558e+01
5.399999999999982947e+01 -2.608913049128404538e+01
5.409999999999983089e+01 4.152550476041659522e+01
5.419999999999983231e+01 -6.231866147671283329e-01
5.429999999999982663e+01 2.828932992399093749e+01
5.439999999999982805e+01 -6.778832157313249951e+00
5.449999999999982947e+01 -4.975921515421676844e+01
5.459999999999982379e+01 1.437988500477894505e+01
5.469999999999982521e+01 -2.256501105595665990e+01
5.479999999999982663e+01 5.313864941453631729e+01
5.489999999999982805e+01 -7.722430075743094591e+00
