6.000000000000000000e+00 -3.424247472317131269e+01
6.099999999999999645e+00 5.710105933825764879e+01
6.199999999999999289e+00 2.145578910708017262e-01
6.299999999999998934e+00 -6.379399501654539506e+00
6.399999999999998579e+00 -4.428725033565177327e+00
6.499999999999998224e+00 -1.909796781814086231e+01
6.599999999999997868e+00 -2.850139221891875962e+01
6.699999999999997513e+00 1.036144033982493795e+01
6.799999999999997158e+00 -1.214246240412438382e+01
6.899999999999996803e+00 -2.144352179331051289e+01
6.999999999999996447e+00 -1.348154130154482999e+01
7.099999999999996092e+00 2.705263597550601062e+01
7.199999999999995737e+00 2.145807907785702895e+01
7.299999999999995381e+00 4.552054194911381302e+00
7.399999999999995026e+00 4.160985195471936038e+01
7.499999999999994671e+00 -9.157160541752045191e+00
7.599999999999994316e+00 -5.744212143683064653e+01
7.699999999999993960e+00 -4.780627903002542212e+01
7.799999999999993605e+00 -6.803983577011328521e+01
7.899999999999993250e+00 -7.744779767817425409e+01
7.999999999999992895e+00 -5.105892884313058033e+01
8.099999999999992539e+00 -1.142742759247784079e+01
8.199999999999992184e+00 -3.304777184284712632e+01
8.299999999999991829e+00 -9.911120325647991081e+01
8.399999999999991473e+00 -5.625276658767796789e+01
8.499999999999991118e+00 -3.847563048480967751e+01
8.599999999999990763e+00 -6.106546693837938022e+01
8.699999999999990408e+00 -7.986053959888894838e+01
8.799999999999990052e+00 -1.077405257026431400e+02
8.899999999999989697e+00 -1.337164045547064006e+02
8.999999999999989342e+00 -6.225810407553876047e+01
9.099999999999988987e+00 -1.267894223774297160e+02
9.199999999999988631e+00 -1.526743690982352177e+02
9.299999999999988276e+00 -1.385871813764569538e+02
9.399999999999987921e+00 -1.540722600960976933e+02
9.499999999999987566e+00 -1.433443799386236890e+02
9.599999999999987210e+00 -1.496961181027453733e+02
9.699999999999986855e+00 -1.621256004346977591e+02
9.799999999999986500e+00 -1.737279519308456486e+02
9.899999999999986144e+00 -1.651225187383998332e+02
9.999999999999985789e+00 -2.004077216077780008e+02
1.009999999999998543e+01 -1.793073986715943136e+02
1.019999999999998508e+01 -1.613292426652835445e+02
1.029999999999998472e+01 -1.762897186682607753e+02
1.039999999999998437e+01 -1.743131779212675951e+02
1.049999999999998401e+01 -1.457764246905700816e+02
1.059999999999998366e+01 -2.048096173114253986e+02
1.069999999999998330e+01 -2.758091612165744664e+02
1.079999999999998295e+01 -2.232063747835088066e+02
1.089999999999998259e+01 -2.197124149490684886e+02
1.099999999999998224e+01 -2.297312473670453130e+02
1.109999999999998188e+01 -1.928127642850664074e+02
1.119999999999998153e+01 -2.126449440367381385e+02
1.129999999999998117e+01 -2.046602466355166996e+02
1.139999999999998082e+01 -2.184008606074220893e+02
1.149999999999998046e+01 -2.222465700377427993e+02
1.159999999999998010e+01 -2.182472756171131607e+02
1.169999999999997975e+01 -2.183689317661944358e+02
1.179999999999997939e+01 -2.542123932060027869e+02
1.189999999999997904e+01 -2.313162419652751112e+02
1.199999999999997868e+01 -1.830302052397886428e+02
1.209999999999997833e+01 -2.018932113352376803e+02
1.219999999999997797e+01 -2.087928021301586057e+02
1.229999999999997762e+01 -2.311007040478914689e+02
1.239999999999997726e+01 -2.074705332270431200e+02
1.249999999999997691e+01 -2.500381711693459579e+02
1.259999999999997655e+01 -1.868693615555463339e+02
1.269999999999997620e+01 -1.793207695752423092e+02
1.279999999999997584e+01 -2.037011520973905192e+02
1.289999999999997549e+01 -2.044783614386642228e+02
1.299999999999997513e+01 -1.969354308804073526e+02
1.309999999999997478e+01 -1.697172168690002252e+02
1.319999999999997442e+01 -2.331486517218517918e+02
1.329999999999997407e+01 -2.246807847464920371e+02
1.339999999999997371e+01 -2.096002624850146674e+02
1.349999999999997335e+01 -1.922669919345083542e+02
1.359999999999997300e+01 -2.425836380033123021e+02
1.369999999999997264e+01 -1.926523267765943501e+02
1.379999999999997229e+01 -1.651248059993399409e+02
1.389999999999997193e+01 -1.760875741800365688e+02
1.399999999999997158e+01 -2.182301418384153635e+02
1.409999999999997122e+01 -1.857897560527403016e+02
1.419999999999997087e+01 -1.697253158287528549e+02
1.429999999999997051e+01 -1.659475268080143735e+02
1.439999999999997016e+01 -2.073296243069107163e+02
1.449999999999996980e+01 -2.260353595983628452e+02
1.459999999999996945e+01 -1.622680134627787822e+02
1.469999999999996909e+01 -1.735200857917314181e+02
1.479999999999996874e+01 -1.956344030425239282e+02
1.489999999999996838e+01 -1.773940980878344646e+02
1.499999999999996803e+01 -1.631509023226686850e+02
1.509999999999996767e+01 -1.802970057398159724e+02
1.519999999999996732e+01 -1.503996427027039999e+02
1.529999999999996696e+01 -1.767975751067856436e+02
1.539999999999996660e+01 -1.916802471114650359e+02
1.549999999999996625e+01 -1.556333117256967569e+02
1.559999999999996589e+01 -1.058109932611263702e+02
1.569999999999996554e+01 -1.430936217419018988e+02
1.579999999999996518e+01 -1.247528774885492595e+02
1.589999999999996483e+01 -1.592756994297712652e+02
1.599999999999996447e+01 -1.434265231245737482e+02
1.609999999999996589e+01 -1.606026025593610598e+02
1.619999999999996376e+01 -1.487891163096247737e+02
1.629999999999996163e+01 -1.300939057620844608e+02
1.639999999999996305e+01 -1.270266767936919194e+02
1.649999999999996447e+01 -1.303681757649333690e+02
1.659999999999996234e+01 -8.554565355373424040e+01
1.669999999999996021e+01 -9.892909129839546267e+01
1.679999999999996163e+01 -1.197943747422131366e+02
1.689999999999996305e+01 -1.341077409954792188e+02
1.699999999999996092e+01 -1.273324169732929363e+02
1.709999999999995879e+01 -9.782458743994047268e+01
1.719999999999996021e+01 -8.663415636642541529e+01
1.729999999999996163e+01 -1.170421747805662989e+02
1.739999999999995950e+01 -9.177886596209503978e+01
1.749999999999995737e+01 -1.108551091503203168e+02
1.759999999999995879e+01 -8.291819964479674354e+01
1.769999999999996021e+01 -1.029689573399866163e+02
1.779999999999995808e+01 -4.844501943330408267e+01
1.789999999999995595e+01 -9.480965988206651218e+01
1.799999999999995737e+01 -2.247109056061721333e+01
1.809999999999995879e+01 -9.768601570302584491e+01
1.819999999999995666e+01 -8.400463601171162509e+01
1.829999999999995453e+01 -1.058302002294080069e+02
1.839999999999995595e+01 -5.859570521822735145e+01
1.849999999999995737e+01 -1.760810015785799720e+01
1.859999999999995524e+01 -8.641216216038102971e+00
1.869999999999995310e+01 -4.496591819254214784e+01
1.879999999999995453e+01 4.291673264354656681e+00
1.889999999999995595e+01 -4.696100737773190303e+01
1.899999999999995381e+01 -8.581132586415344576e+01
1.909999999999995168e+01 -6.382897439765348224e+01
1.919999999999995310e+01 -3.613146031219239518e+01
1.929999999999995453e+01 -2.654648327926138052e+01
1.939999999999995239e+01 -5.351694931063272520e+01
1.949999999999995026e+01 -6.687163244235489401e+01
1.959999999999995168e+01 -5.741527048529178501e+00
1.969999999999995310e+01 -1.452142137254733711e+01
1.979999999999995097e+01 -2.739001719721251860e+01
1.989999999999994884e+01 -4.457001032239328708e+01
1.999999999999995026e+01 -1.868712382546112849e+01
2.009999999999995168e+01 -2.748112776649476174e+01
2.019999999999994955e+01 -6.266149673401260145e+01
2.029999999999994742e+01 -6.371234149277346148e+01
2.039999999999994884e+01 -4.570509361553067151e+01
2.049999999999995026e+01 -6.516412802344987654e+01
2.059999999999994813e+01 -3.377325820484727359e+01
2.069999999999994600e+01 -8.451378041511475203e+01
2.079999999999994742e+01 -1.777797338255035342e+01
2.089999999999994884e+01 1.473750514618086527e+01
2.099999999999994671e+01 -1.621068108353137305e+01
2.109999999999994458e+01 -4.886410125098389301e+01
2.119999999999994600e+01 -4.094783561977841657e+01
2.129999999999994742e+01 -4.322262561829616345e+01
2.139999999999994529e+01 -7.299323994321336784e+01
2.149999999999994316e+01 -3.232939250152810473e+01
2.159999999999994458e+01 -6.075945625599548094e-01
2.169999999999994600e+01 3.583265428387534257e-01
2.179999999999994387e+01 -1.242556670694752086e+01
2.189999999999994174e+01 1.121103247207539511e+00
2.199999999999994316e+01 -9.971635656128308156e+00
2.209999999999994458e+01 -1.822309051948330705e+00
2.219999999999994245e+01 -1.726607297576535416e+01
2.229999999999994031e+01 -4.903554488525666955e+01
2.239999999999994174e+01 -8.506883141713332819e-01
2.249999999999994316e+01 -2.271304895618680675e+01
2.259999999999994102e+01 -3.476605783999909249e+01
2.269999999999993889e+01 1.196077975527225945e+01
2.279999999999994031e+01 9.001199652442707588e+00
2.289999999999994174e+01 -1.076354677983123231e+00
2.299999999999993960e+01 1.258511932928594312e+00
2.309999999999993747e+01 3.915514420578622179e+01
2.319999999999993889e+01 -2.765948678106607161e+01
2.329999999999994031e+01 -5.773803097930519357e+01
2.339999999999993818e+01 -2.078925349259712263e+01
2.349999999999993605e+01 -3.127003218935419326e+01
2.359999999999993747e+01 -5.870253406040981048e+01
2.369999999999993889e+01 5.067451300889838528e+00
2.379999999999993676e+01 2.159354280579238505e+01
2.389999999999993463e+01 2.216863531252602826e+01
2.399999999999993605e+01 -2.408908630174769527e+01
2.409999999999993747e+01 1.115625711309967460e+00
2.419999999999993534e+01 -1.419717615875814687e+00
2.429999999999993321e+01 -9.754112684823308399e+00
2.439999999999993463e+01 6.072607721312214935e+00
2.449999999999993605e+01 4.949287418054698406e+00
2.459999999999993392e+01 -1.298122168479439686e+01
2.469999999999993179e+01 -4.377966121170983627e+01
2.479999999999993321e+01 -7.101458382970559313e+00
2.489999999999993463e+01 1.800983855411261825e+00
2.499999999999993250e+01 -7.814966416022263829e+00
2.509999999999993037e+01 -1.372322651143704952e+01
2.519999999999993179e+01 -2.355034454634908059e+01
2.529999999999993321e+01 -1.520290594992754940e+01
2.539999999999993108e+01 -1.513147293686377992e+01
2.549999999999992895e+01 -1.867504108161283938e+01
2.559999999999993037e+01 -3.558320416069978620e+01
2.569999999999993179e+01 1.881424604115836630e+01
2.579999999999992966e+01 -2.006810695952723123e+01
2.589999999999992752e+01 -3.510023795767366295e+01
2.599999999999992895e+01 6.242835406765232165e+01
2.609999999999993037e+01 -6.483611917062521002e+01
2.619999999999992824e+01 -2.040700307746203279e+01
2.629999999999992610e+01 -3.073755558827033951e+01
2.639999999999992752e+01 -2.359690472071472200e+01
2.649999999999992895e+01 2.129601936532401751e+01
2.659999999999992681e+01 1.865285217305187615e+01
2.669999999999992468e+01 5.662410521875227865e+00
2.679999999999992610e+01 -2.866132772327389944e+01
2.689999999999992752e+01 1.668577908066925630e+01
2.699999999999992539e+01 -3.585920783839637949e+01
2.709999999999992326e+01 -2.887135489044411329e+01
2.719999999999992468e+01 -3.763505865584894305e+00
2.729999999999992610e+01 -5.270333616151362754e+00
2.739999999999992397e+01 -6.384512108484534210e+00
2.749999999999992184e+01 -1.192770570982973410e+01
2.759999999999992326e+01 -3.108726979882070651e+01
2.769999999999992468e+01 -1.692339472690351698e+01
2.779999999999992255e+01 1.390586299604789389e+01
2.789999999999992042e+01 9.978856250219333646e+00
2.799999999999992184e+01 1.392948486905987693e+01
2.809999999999992326e+01 6.450847207031390695e+00
2.819999999999992113e+01 -7.134722018119051157e+00
2.829999999999991900e+01 9.303095668695209319e-01
2.839999999999992042e+01 1.695285214876563273e+01
2.849999999999992184e+01 -4.848460566933395555e+00
2.859999999999991971e+01 -4.447593929721075057e+01
2.869999999999991758e+01 -1.942562186226652443e+01
2.879999999999991900e+01 -1.217439575782939798e+01
2.889999999999992042e+01 3.331538795563745481e+01
2.899999999999991829e+01 1.826179866924631412e+01
2.909999999999991616e+01 -4.173090287466528991e+01
2.919999999999991758e+01 -4.673552542293521839e+01
2.929999999999991900e+01 -1.441234440929617122e+01
2.939999999999991687e+01 -7.772889364418111846e+00
2.949999999999991473e+01 -1.010000971125470492e+01
2.959999999999991616e+01 4.104303120878216049e+01
2.969999999999991758e+01 -4.568983742869227171e+01
2.979999999999991545e+01 -1.103153145524594692e+01
2.989999999999991331e+01 3.516347323114740853e+00
2.999999999999991473e+01 -1.219461237701286649e+01
3.009999999999991616e+01 1.473199911906790049e+01
3.019999999999991402e+01 2.332219178760624345e+00
3.029999999999991189e+01 4.100285740791773215e+00
3.039999999999991331e+01 5.052964877966673818e+00
3.049999999999991473e+01 -1.414490683769970669e+00
3.059999999999991260e+01 -3.074041488015203782e+01
3.069999999999991047e+01 -1.468678156984848826e+01
3.079999999999991189e+01 -9.885886812365658471e+00
3.089999999999991331e+01 -3.839184141894897095e+01
3.099999999999991118e+01 -9.042077105109829205e+00
3.109999999999990905e+01 2.009842627920912150e+01
3.119999999999991047e+01 -3.859943853023392535e+01
3.129999999999991189e+01 -4.114742852979139798e+01
3.139999999999990976e+01 -2.828802501642520184e+01
3.149999999999990763e+01 3.096446421020736395e+01
3.159999999999990905e+01 3.068371487569325140e+01
3.169999999999991047e+01 -9.983837053342064394e+00
3.179999999999990834e+01 1.778312935745766765e+01
3.189999999999990621e+01 -2.232865547629538838e+01
3.199999999999990763e+01 -8.531480933875895900e+00
3.209999999999990905e+01 2.777579825289044457e+00
3.219999999999990337e+01 1.182130331393801015e+01
3.229999999999990479e+01 -1.562183622162714158e+01
3.239999999999990621e+01 1.129476713262474519e+01
3.249999999999990763e+01 -1.523933450804889311e+01
3.259999999999990905e+01 -2.388555411253621585e+01
3.269999999999990337e+01 -4.018285087446386683e+01
3.279999999999990479e+01 4.820344784527815563e+01
3.289999999999990621e+01 6.023390724938391116e-01
3.299999999999990052e+01 2.019868408608454047e+01
3.309999999999990195e+01 -1.974022122531876988e+01
3.319999999999990337e+01 -2.835133179088652611e+01
3.329999999999990479e+01 1.091892870553142103e+01
3.339999999999990621e+01 -1.718977972837314994e+01
3.349999999999990052e+01 8.671377765158933215e+00
3.359999999999990195e+01 2.256355607841920374e+01
3.369999999999990337e+01 -2.969993111730198976e+01
3.379999999999989768e+01 -2.237213576231111745e+01
3.389999999999989910e+01 6.345984013543002789e+00
3.399999999999990052e+01 -3.150505225337658288e+01
3.409999999999990195e+01 -2.134910801469188968e+01
3.419999999999990337e+01 -5.392355822494371864e+01
3.429999999999989768e+01 -2.007136909844374628e+01
3.439999999999989910e+01 1.331828925466833269e+01
3.449999999999990052e+01 9.055369918900801451e+00
3.459999999999989484e+01 3.515978299881540181e+01
3.469999999999989626e+01 -5.316019428041278161e+01
3.479999999999989768e+01 1.127967745729310423e+01
3.489999999999989910e+01 -2.115926716959605969e+01
3.499999999999990052e+01 2.866568798389802808e+01
3.509999999999989484e+01 -4.435265369917577516e+01
3.519999999999989626e+01 -1.688079200642665256e+01
3.529999999999989768e+01 4.568279156801651197e+00
3.539999999999989200e+01 2.999193828999973022e+01
3.549999999999989342e+01 2.506891694704574292e+01
3.559999999999989484e+01 4.272215717451771866e+00
3.569999999999989626e+01 3.009476875452479661e+00
3.579999999999989768e+01 -5.799840795722400344e+01
3.589999999999989200e+01 1.576241653584802016e+01
3.599999999999989342e+01 -6.794616049665476609e+00
3.609999999999989484e+01 -1.875868357973399014e+01
3.619999999999988916e+01 -4.721618020419376194e+01
3.629999999999989058e+01 3.008580930029854628e+01
3.639999999999989200e+01 -7.764016652205288693e+00
3.649999999999989342e+01 -9.403695303122253435e+00
3.659999999999989484e+01 -4.935061101086037461e+00
3.669999999999988916e+01 -1.190640110571794885e+01
3.679999999999989058e+01 3.688056812819591812e+01
3.689999999999989200e+01 -6.358094963180663939e+01
3.699999999999988631e+01 3.130476458455475353e+01
3.709999999999988773e+01 -2.957189179390764266e+01
3.719999999999988916e+01 -5.371095531648712296e+01
3.729999999999989058e+01 2.302071809782025014e+01
3.739999999999989200e+01 4.822093845943626889e-01
3.749999999999988631e+01 -2.413166695215874924e+01
3.759999999999988773e+01 -3.751244802807875089e+01
3.769999999999988916e+01 -2.342106588996756500e+01
3.779999999999988347e+01 -1.016397523877373565e+01
3.789999999999988489e+01 -3.232539245399301819e+01
3.799999999999988631e+01 5.020683931024336744e+00
3.809999999999988773e+01 -4.207623897660041479e+01
3.819999999999988916e+01 1.778014367960022213e+01
3.829999999999988347e+01 1.386411043167612434e-01
3.839999999999988489e+01 -4.222360224102818194e+00
3.849999999999988631e+01 -1.046704024768298069e+01
3.859999999999988063e+01 -6.936452005567619494e+01
3.869999999999988205e+01 -8.579857345122160694e+00
3.879999999999988347e+01 -5.163341152372551335e+01
3.889999999999988489e+01 -2.187022741529016301e+01
3.899999999999988631e+01 -1.971800816246440036e+01
3.909999999999988063e+01 -4.321301923900787045e+00
3.919999999999988205e+01 1.825079556559500915e+01
3.929999999999988347e+01 1.210139630373269348e+01
3.939999999999987779e+01 -1.861997837315648852e+01
3.949999999999987921e+01 -1.220780211346479760e+01
3.959999999999988063e+01 -1.986584616201904652e+01
3.969999999999988205e+01 -9.290179911066612561e+00
3.979999999999988347e+01 -2.433470118354524914e+01
3.989999999999987779e+01 5.950476791813930078e-01
3.999999999999987921e+01 -5.250561830645388994e+01
4.009999999999988063e+01 8.470558781220846711e+00
4.019999999999987494e+01 -6.672892807724936404e+01
4.029999999999987637e+01 3.032323836504218306e+01
4.039999999999987779e+01 2.867334662318251404e+00
4.049999999999987921e+01 -5.568475054601454133e+01
4.059999999999988063e+01 9.264371386722054069e+00
4.069999999999987494e+01 -4.137517803050551279e+00
4.079999999999987637e+01 -1.063492852528165500e+00
4.089999999999987779e+01 3.127360369843864518e+01
4.099999999999987210e+01 -1.847779333965386073e+00
4.109999999999987352e+01 -6.061341182424332175e+01
4.119999999999987494e+01 -3.107655101028090883e+01
4.129999999999987637e+01 9.853122393607019802e+00
4.139999999999987779e+01 -5.788716404963513895e+01
4.149999999999987210e+01 -2.668397387738304616e+01
4.159999999999987352e+01 -8.973415577728122372e+00
4.169999999999987494e+01 -5.055976291864279659e+01
4.179999999999986926e+01 -2.745176193068408566e+01
4.189999999999987068e+01 8.782490070355336798e+00
4.199999999999987210e+01 -4.130154234924064838e+01
4.209999999999987352e+01 4.866567430095437885e+01
4.219999999999987494e+01 -2.433741381613803156e+01
4.229999999999986926e+01 2.168215566245174131e+01
4.239999999999987068e+01 -3.330562884594630901e+00
4.249999999999987210e+01 -3.428430287695056222e+01
4.259999999999986642e+01 -5.428164612598119732e+01
4.269999999999986784e+01 4.108061219428655875e-01
4.279999999999986926e+01 -2.012296915246577811e+01
4.289999999999987068e+01 8.525294310669480069e+00
4.299999999999987210e+01 -3.029959576566517043e+01
4.309999999999986642e+01 1.420128840199576459e+01
4.319999999999986784e+01 -5.173837636701871645e+01
4.329999999999986926e+01 -2.935942749500276605e+01
4.339999999999986358e+01 -8.423818595013459642e+00
4.349999999999986500e+01 3.144836325473971073e+00
4.359999999999986642e+01 -2.150038959041770781e+00
4.369999999999986784e+01 -7.470986493106968851e+01
4.379999999999986926e+01 -3.456796950026429727e+01
4.389999999999986358e+01 -2.652824807294003051e+01
4.399999999999986500e+01 -2.537782993842062140e+01
4.409999999999986642e+01 -1.016662861643879445e+01
4.419999999999986073e+01 2.250399903191627971e+00
4.429999999999986215e+01 -2.728530197254130485e+01
4.439999999999986358e+01 -3.704106360339206105e+01
4.449999999999986500e+01 -2.640585709319910279e+01
4.459999999999986642e+01 -6.216487780192478851e+01
4.469999999999986073e+01 -6.891698073992976958e+01
4.479999999999986215e+01 -1.435242659728025671e+00
4.489999999999986358e+01 -4.191372431867350201e+00
4.499999999999985789e+01 -7.823266817731376221e+00
4.509999999999985931e+01 -5.351213415470745360e+01
4.519999999999986073e+01 -4.558989010593673186e+01
4.529999999999986215e+01 2.797593304091033062e+01
4.539999999999986358e+01 3.281950496678086893e+01
4.549999999999985789e+01 -2.159600541057500322e+00
4.559999999999985931e+01 -5.410990517535645949e+01
4.569999999999986073e+01 -3.338808753665888673e+01
4.579999999999985505e+01 -2.135943380647738721e+01
4.589999999999985647e+01 -3.502235555520842780e+01
4.599999999999985789e+01 7.427219999752221469e+00
4.609999999999985931e+01 -2.139173487651132177e+01
4.619999999999986073e+01 -5.130740209322841849e+01
4.629999999999985505e+01 -2.883068692706357439e+01
4.639999999999985647e+01 8.514669263691878598e+00
4.649999999999985789e+01 3.617809786838057562e+01
4.659999999999985221e+01 1.264548438250614737e+01
4.669999999999985363e+01 -3.087681978579582420e+01
4.679999999999985505e+01 -3.025057238380072633e+01
4.689999999999985647e+01 -4.320161602393812927e+01
4.699999999999985789e+01 -1.412780830319462666e+01
4.709999999999985221e+01 -4.976964939271994126e+01
4.719999999999985363e+01 -6.716006148997433201e+00
4.729999999999985505e+01 1.347486667451937947e+01
4.739999999999984936e+01 -2.903600001763986427e+01
4.749999999999985079e+01 -3.977595864864326813e+01
4.759999999999985221e+01 3.743467721410109306e+00
4.769999999999985363e+01 2.280565624308312778e+00
4.779999999999985505e+01 -5.117473828513891476e+01
4.789999999999984936e+01 -3.658073544283436007e+01
4.799999999999985079e+01 -3.063202971994738988e+01
4.809999999999985221e+01 -1.507004615920898516e+00
4.819999999999984652e+01 -4.593436120141310397e+01
4.829999999999984794e+01 -3.946245121253462429e+01
4.839999999999984936e+01 4.447866343072305995e+00
4.849999999999985079e+01 -3.024965664566686030e+01
4.859999999999985221e+01 -5.374522601963904123e+01
4.869999999999984652e+01 -5.250380762759778719e+01
4.879999999999984794e+01 -6.417254845971034172e+01
4.889999999999984936e+01 -2.777801118359308319e+01
4.899999999999984368e+01 7.217901721159510231e+00
4.909999999999984510e+01 3.631661397522293555e+00
4.919999999999984652e+01 -2.475429487859403466e+01
4.929999999999984794e+01 -1.734237416902801954e+01
4.939999999999984936e+01 -3.394766022575210940e+01
4.949999999999984368e+01 -4.556034146252180506e+01
4.959999999999984510e+01 -3.850247399713732932e+01
4.969999999999984652e+01 -4.437103567072252019e+01
4.979999999999984084e+01 -3.902461297970984333e+01
4.989999999999984226e+01 -4.855118324461123080e+01
4.999999999999984368e+01 -1.994745287439295822e+01
5.009999999999984510e+01 -6.271857038291906861e+01
5.019999999999984652e+01 3.424705308964381345e+01
5.029999999999984084e+01 -4.374648116509584383e+01
5.039999999999984226e+01 5.365535632333575222e+00
5.049999999999984368e+01 7.858996440087011592e+00
5.059999999999983800e+01 -2.084275260533842200e+01
5.069999999999983942e+01 -1.088914130418274624e+02
5.079999999999984084e+01 -7.751552044546755837e+00
5.089999999999984226e+01 -4.587811866985120446e+00
5.099999999999984368e+01 -1.119592616374161764e+01
5.109999999999983800e+01 -6.089365544716559953e+01
5.119999999999983942e+01 -6.302708637035610195e+01
5.129999999999984084e+01 -4.621500280175548170e+01
5.139999999999983515e+01 -4.003400949847082302e+01
5.149999999999983658e+01 -2.862560880840616306e+01
5.159999999999983800e+01 -5.776113435475637203e+01
5.169999999999983942e+01 -9.369472499118039366e+00
5.179999999999984084e+01 -9.542145895788715393e+01
5.189999999999983515e+01 -3.697907241010015866e+01
5.199999999999983658e+01 -1.952152410021133377e+01
5.209999999999983800e+01 -2.505145751318022462e+01
5.219999999999983231e+01 -7.315637161751183726e+01
5.229999999999983373e+01 -6.088643905845618320e+01
5.239999999999983515e+01 -5.642546809099322047e+00
5.249999999999983658e+01 -3.804418718356951246e+01
5.259999999999983800e+01 -1.651052553659157951e+01
5.269999999999983231e+01 -1.459678133298898572e+01
5.279999999999983373e+01 -1.535734435723611035e+01
5.289999999999983515e+01 -5.164057811580114787e+01
5.299999999999982947e+01 -4.732475565048478927e+01
5.309999999999983089e+01 -5.845131694970623926e+01
5.319999999999983231e+01 -5.105956702725569585e+01
5.329999999999983373e+01 -1.665610858570443042e+01
5.339999999999983515e+01 -4.119966268022938038e+01
5.349999999999982947e+01 -2.102680698486845046e+01
5.359999999999983089e+01 2.489192462973798570e+01
5.369999999999983231e+01 -5.321071439018686533e+01
5.379999999999982663e+01 -4.453614140181163350e+01
5.389999999999982805e+01 -1.326872600684658110e+01
5.399999999999982947e+01 -1.699179343468735226e+01
5.409999999999983089e+01 -4.300514629473322969e+01
5.419999999999983231e+01 -4.242100613309860080e+01
5.429999999999982663e+01 -6.341022712386791227e+01
5.439999999999982805e+01 -1.682042274860223330e+01
5.449999999999982947e+01 -2.517357657251332625e+01
5.459999999999982379e+01 -1.955958031498705907e+01
5.469999999999982521e+01 -2.200617609259944274e+01
5.479999999999982663e+01 -2.683391070969263126e+01
5.489999999999982805e+01 1.601158725949292005e+01
