6.000000000000000000e+00 4.000666634336965899e+02
6.099999999999999645e+00 -1.451484768906275917e+02
6.199999999999999289e+00 1.808770950379635565e+02
6.299999999999998934e+00 -1.440336183056653141e+01
6.399999999999998579e+00 3.011807887195663511e+02
6.499999999999998224e+00 1.479004020773696482e+02
6.599999999999997868e+00 8.456927291691223036e-01
6.699999999999997513e+00 -8.913988101560494215e+01
6.799999999999997158e+00 4.479413078279326754e+01
6.899999999999996803e+00 -8.738243366403474965e+01
6.999999999999996447e+00 -2.379159121129525829e+02
7.099999999999996092e+00 3.336584303517868193e+02
7.199999999999995737e+00 5.971862037034994728e+02
7.299999999999995381e+00 8.314575039276073198e+01
7.399999999999995026e+00 -3.008064483042092547e+02
7.499999999999994671e+00 1.675842365988707527e+01
7.599999999999994316e+00 4.145843386184341739e+01
7.699999999999993960e+00 3.470745864181101297e+02
7.799999999999993605e+00 -5.145284043028603804e+01
7.899999999999993250e+00 1.660028877503276590e+02
7.999999999999992895e+00 -6.829425068169463486e+00
8.099999999999992539e+00 -8.752569591309622865e+01
8.199999999999992184e+00 1.482190179168509587e+02
8.299999999999991829e+00 4.139037590197450527e+02
8.399999999999991473e+00 -5.438863964277827989e+01
8.499999999999991118e+00 6.349450405397274722e+01
8.599999999999990763e+00 2.011533125469605920e+01
8.699999999999990408e+00 -1.392209683374334190e+02
8.799999999999990052e+00 -1.361680571811759819e+02
8.899999999999989697e+00 -2.765601491319869183e+02
8.999999999999989342e+00 2.135387550423006076e+02
9.099999999999988987e+00 -3.713539565974892298e+02
9.199999999999988631e+00 -2.578108547927607788e+02
9.299999999999988276e+00 -2.373298915768209554e+02
9.399999999999987921e+00 -3.042007241793505727e+02
9.499999999999987566e+00 -2.099294164037655150e+02
9.599999999999987210e+00 1.564205828989382496e+02
9.699999999999986855e+00 -2.879661971653577268e+01
9.799999999999986500e+00 -4.335325359954043734e+01
9.899999999999986144e+00 -1.867155256664421472e+02
9.999999999999985789e+00 -5.264465162921335377e+02
1.009999999999998543e+01 2.396640929106462181e+01
1.019999999999998508e+01 -2.826397904322217300e+02
1.029999999999998472e+01 -1.531550063883929056e+02
1.039999999999998437e+01 -1.279776159876681163e+01
1.049999999999998401e+01 -3.753543409605910597e+02
1.059999999999998366e+01 -7.691262017831449782e+01
1.069999999999998330e+01 -1.494146072687730396e+02
1.079999999999998295e+01 -4.656984102012296489e+02
1.089999999999998259e+01 -3.120840881197073600e+02
1.099999999999998224e+01 -4.648192580771495841e+02
1.109999999999998188e+01 -2.421372245699151904e+02
1.119999999999998153e+01 9.725509566840941034e+00
1.129999999999998117e+01 -4.960251719185617958e+01
1.139999999999998082e+01 -2.865171815369151318e+02
1.149999999999998046e+01 -4.498335736922664410e+02
1.159999999999998010e+01 -4.741707547318487741e+02
1.169999999999997975e+01 -4.006754645774889241e+02
1.179999999999997939e+01 -2.885907222931552951e+01
1.189999999999997904e+01 -4.852410290930336600e+01
1.199999999999997868e+01 -2.905009254968041432e+02
1.209999999999997833e+01 -9.619322282499243215e+01
1.219999999999997797e+01 -5.859084674318767156e+02
1.229999999999997762e+01 -1.053836424554248339e+02
1.239999999999997726e+01 -4.770712810966001030e+02
1.249999999999997691e+01 -2.762302282962013464e+02
1.259999999999997655e+01 -3.112415852617168071e+02
1.269999999999997620e+01 -7.443274775665108791e+02
1.279999999999997584e+01 -1.191530388150141135e+02
1.289999999999997549e+01 3.245262709338130662e+02
1.299999999999997513e+01 -9.320895163150581197e+01
1.309999999999997478e+01 -5.980541581383710081e+01
1.319999999999997442e+01 2.966066533166107888e+01
1.329999999999997407e+01 -5.735770256609927173e+02
1.339999999999997371e+01 2.993290205628591139e+01
1.349999999999997335e+01 -3.489693497967276699e+02
1.359999999999997300e+01 -3.470665731864396548e+02
1.369999999999997264e+01 -3.401351599116646867e+02
1.379999999999997229e+01 6.719909122208093777e+01
1.389999999999997193e+01 -4.030665920861141558e+02
1.399999999999997158e+01 -6.590471181276573134e+02
1.409999999999997122e+01 -9.052037246812214732e+01
1.419999999999997087e+01 1.762733485745683311e+02
1.429999999999997051e+01 -8.887821673828038627e+01
1.439999999999997016e+01 3.228360396012687943e+02
1.449999999999996980e+01 -4.723183503086983706e+02
1.459999999999996945e+01 -2.803668100937479721e+02
1.469999999999996909e+01 -8.213023684737240728e+02
1.479999999999996874e+01 -4.714615373264966820e+02
1.489999999999996838e+01 -2.325874405289297329e+02
1.499999999999996803e+01 3.142173886199237245e+02
1.509999999999996767e+01 -5.548966064595969101e+02
1.519999999999996732e+01 -4.237969455252023749e+02
1.529999999999996696e+01 3.195713254756195738e+02
1.539999999999996660e+01 -3.271981625312918140e+02
1.549999999999996625e+01 -1.602527123178437591e+02
1.559999999999996589e+01 -1.872831848816361457e+02
1.569999999999996554e+01 6.965069603839478418e+01
1.579999999999996518e+01 7.602140922708059634e+00
1.589999999999996483e+01 -1.535574023882126653e+02
1.599999999999996447e+01 2.785629798385979257e+02
1.609999999999996589e+01 -9.874205195366430132e+01
1.619999999999996376e+01 2.097310352874051205e+02
1.629999999999996163e+01 -3.425259424735411926e+02
1.639999999999996305e+01 -3.737160964529392118e+02
1.649999999999996447e+01 9.536721114564844015e+01
1.659999999999996234e+01 -7.150918435911913207e+01
1.669999999999996021e+01 -6.134296369547307677e+02
1.679999999999996163e+01 3.749256636326891226e+02
1.689999999999996305e+01 1.156476314184700982e+02
1.699999999999996092e+01 -5.099384667172945029e+01
1.709999999999995879e+01 -1.361002322425495095e+02
1.719999999999996021e+01 -2.698274806410001361e+02
1.729999999999996163e+01 2.320410885119208046e+02
1.739999999999995950e+01 1.977077791704508059e+02
1.749999999999995737e+01 -2.320450278215276967e+02
1.759999999999995879e+01 -3.804310214884303321e+01
1.769999999999996021e+01 -2.117318301707009027e+02
1.779999999999995808e+01 -3.220826087384676839e+01
1.789999999999995595e+01 8.358212763094203979e+01
1.799999999999995737e+01 -3.916567527558389088e+02
1.809999999999995879e+01 -4.201654945674534929e+02
1.819999999999995666e+01 -2.193780472230259875e+02
1.829999999999995453e+01 4.026488117089647858e+02
1.839999999999995595e+01 1.197112319833937306e+02
1.849999999999995737e+01 2.835890244561981035e+02
1.859999999999995524e+01 -2.983077045894881962e+01
1.869999999999995310e+01 -1.038847058156616754e+02
1.879999999999995453e+01 2.532762550699106612e+02
1.889999999999995595e+01 -2.276722114025432120e+02
1.899999999999995381e+01 8.721993308957982549e+01
1.909999999999995168e+01 -2.349967100849122801e+02
1.919999999999995310e+01 -1.770588759835146320e+01
1.929999999999995453e+01 -2.236549649406362050e+02
1.939999999999995239e+01 1.577101600532419070e+02
1.949999999999995026e+01 1.387113112357771740e+02
1.959999999999995168e+01 -2.696248257243475450e+02
1.969999999999995310e+01 9.842991999756515042e+01
1.979999999999995097e+01 3.902847346608588452e+00
1.989999999999994884e+01 6.460687930443546634e+01
1.999999999999995026e+01 -2.068590901096499124e+02
2.009999999999995168e+01 -3.017432158220929495e+01
2.019999999999994955e+01 -4.621862111337802048e+02
2.029999999999994742e+01 -4.291534206129080644e+02
2.039999999999994884e+01 -4.691371946474104675e+02
2.049999999999995026e+01 1.517488948839176430e+02
2.059999999999994813e+01 -4.036946009835509130e+01
2.069999999999994600e+01 9.509211647896999864e+01
2.079999999999994742e+01 -5.912358835119730927e+00
2.089999999999994884e+01 -9.616520490381135744e+01
2.099999999999994671e+01 -9.690606932344225299e+01
2.109999999999994458e+01 -7.885352052878117490e+01
2.119999999999994600e+01 -9.599034331521944807e+01
2.129999999999994742e+01 1.629042635586896282e+01
2.139999999999994529e+01 -3.111355196717461808e+02
2.149999999999994316e+01 1.955117222658463660e+00
2.159999999999994458e+01 4.014843194182491004e+01
2.169999999999994600e+01 -1.968144523659484832e+02
2.179999999999994387e+01 4.760778218683315117e+02
2.189999999999994174e+01 2.442699695200141718e+02
2.199999999999994316e+01 -1.355479022998180199e+02
2.209999999999994458e+01 -3.140628050648696785e+02
2.219999999999994245e+01 -2.330379996822679232e+02
2.229999999999994031e+01 1.283807634502083772e+02
2.239999999999994174e+01 -1.043353774911496430e+02
2.249999999999994316e+01 -2.715238288138369853e+02
2.259999999999994102e+01 -3.481183136136499456e+02
2.269999999999993889e+01 -2.882578115479234171e+01
2.279999999999994031e+01 -1.673688956185341112e+02
2.289999999999994174e+01 -5.443350660745285552e+01
2.299999999999993960e+01 -7.436879269203009812e+01
2.309999999999993747e+01 5.142692771579228861e+01
2.319999999999993889e+01 -6.563404763688134835e+02
2.329999999999994031e+01 -5.899521447257107809e+01
2.339999999999993818e+01 -2.586794825488603919e+02
2.349999999999993605e+01 6.847277574623819874e+02
2.359999999999993747e+01 3.330079336695201846e+02
2.369999999999993889e+01 -3.581922585338096354e+01
2.379999999999993676e+01 1.023996024513785841e+02
2.389999999999993463e+01 3.411978222868029320e+02
2.399999999999993605e+01 6.465498716679112476e+02
2.409999999999993747e+01 -1.148785491988615348e+02
2.419999999999993534e+01 1.761615613580148931e+02
2.429999999999993321e+01 3.698270513168158118e+02
2.439999999999993463e+01 2.729627508137938321e+02
2.449999999999993605e+01 -1.673451901784218876e+02
2.459999999999993392e+01 9.427745354469712424e+01
2.469999999999993179e+01 -9.639611790691625970e+01
2.479999999999993321e+01 -2.323583415943703301e+02
2.489999999999993463e+01 4.161689477826286065e+02
2.499999999999993250e+01 2.788801909180729695e+02
2.509999999999993037e+01 -3.990507507652471304e+02
2.519999999999993179e+01 -1.214734973848172501e+02
2.529999999999993321e+01 4.394907810774818699e+02
2.539999999999993108e+01 8.475641722520313692e+01
2.549999999999992895e+01 -2.657721491303964623e+00
2.559999999999993037e+01 -6.695742392588051928e+01
2.569999999999993179e+01 -2.324934624067058166e+02
2.579999999999992966e+01 2.855351373914556845e+01
2.589999999999992752e+01 2.354804408793867481e+02
2.599999999999992895e+01 -3.642086399598621256e+02
2.609999999999993037e+01 2.750802047581976240e+02
2.619999999999992824e+01 1.695359010387632281e+02
2.629999999999992610e+01 -1.039361431803441747e+02
2.639999999999992752e+01 -1.844970564786890463e+02
2.649999999999992895e+01 1.228341938814276091e+02
2.659999999999992681e+01 1.095612916337105531e+02
2.669999999999992468e+01 -4.229010399731531038e+02
2.679999999999992610e+01 3.126670569884674933e+02
2.689999999999992752e+01 5.532788561308591824e+01
2.699999999999992539e+01 -2.744354350376804774e+01
2.709999999999992326e+01 -4.486003419933519467e+02
2.719999999999992468e+01 2.326691430533057883e+02
2.729999999999992610e+01 -3.270956824517891164e+02
2.739999999999992397e+01 -1.516771045979466521e+02
2.749999999999992184e+01 7.352575682562493853e+01
2.759999999999992326e+01 -5.140809370736499062e+01
2.769999999999992468e+01 -1.787097599971195905e+02
2.779999999999992255e+01 -1.095960599082951887e+02
2.789999999999992042e+01 2.651615274444721422e+02
2.799999999999992184e+01 3.894881172627093520e+02
2.809999999999992326e+01 3.989623705928200366e+02
2.819999999999992113e+01 -2.980084878172087315e+02
2.829999999999991900e+01 4.704061883094301493e+02
2.839999999999992042e+01 1.035755449630009650e+02
2.849999999999992184e+01 -4.418945257728493914e+01
2.859999999999991971e+01 -5.104465671817958423e+02
2.869999999999991758e+01 -2.398211409764801942e+02
2.879999999999991900e+01 9.763156262859796186e+01
2.889999999999992042e+01 1.205059816113793687e+02
2.899999999999991829e+01 -3.337143350871999701e+02
2.909999999999991616e+01 -3.294502328273120284e+00
2.919999999999991758e+01 5.540716834392560486e+02
2.929999999999991900e+01 1.926994048108035997e+02
2.939999999999991687e+01 1.215616114776313310e+02
2.949999999999991473e+01 6.203305456701942333e+00
2.959999999999991616e+01 1.390960587753120237e+01
2.969999999999991758e+01 -1.083530743868927360e+01
2.979999999999991545e+01 -1.462307410419379607e+02
2.989999999999991331e+01 7.497982271276832478e+01
2.999999999999991473e+01 -3.307718225013819335e+01
3.009999999999991616e+01 6.157965664061620004e+01
3.019999999999991402e+01 -5.214301360326770407e+01
3.029999999999991189e+01 -3.517798481116408027e+01
3.039999999999991331e+01 1.907792501737704072e+02
3.049999999999991473e+01 -8.076198224361344558e+01
3.059999999999991260e+01 1.924179162517386885e+02
3.069999999999991047e+01 -1.383799633445977690e+02
3.079999999999991189e+01 2.820146694928987472e+02
3.089999999999991331e+01 1.974290269661423167e+02
3.099999999999991118e+01 -1.137375393406460660e+02
3.109999999999990905e+01 3.491368410026620950e+02
3.119999999999991047e+01 1.462862445384996590e+02
3.129999999999991189e+01 1.538986557024356046e+02
3.139999999999990976e+01 -4.056227125681687085e+00
3.149999999999990763e+01 -5.864370087038826114e+02
3.159999999999990905e+01 -1.159204809982082196e+02
3.169999999999991047e+01 -2.643323428267496524e+02
3.179999999999990834e+01 4.274394970816096873e+01
3.189999999999990621e+01 -2.001242285432459767e+02
3.199999999999990763e+01 3.614300213331692930e+02
3.209999999999990905e+01 -2.921324021980546490e+02
3.219999999999990337e+01 1.888950466431537052e+02
3.229999999999990479e+01 4.264600089364688529e+01
3.239999999999990621e+01 2.927406869017074769e+02
3.249999999999990763e+01 6.434032375668713257e+02
3.259999999999990905e+01 -3.516834425380042717e+02
3.269999999999990337e+01 -2.384254123335357747e+02
3.279999999999990479e+01 1.356127475121073758e+02
3.289999999999990621e+01 -7.116330398799476598e+01
3.299999999999990052e+01 1.798653282686652943e+01
3.309999999999990195e+01 1.260400520878007669e+01
3.319999999999990337e+01 -6.661116140211537129e+01
3.329999999999990479e+01 1.422557098532419388e+02
3.339999999999990621e+01 1.583815407363121039e+02
3.349999999999990052e+01 -3.216926780539567687e+01
3.359999999999990195e+01 -1.596331459815194762e+02
3.369999999999990337e+01 -2.062271343961501486e+02
3.379999999999989768e+01 -4.089318330245495048e+01
3.389999999999989910e+01 2.724369342079791423e+00
3.399999999999990052e+01 -2.164201453537795885e+02
3.409999999999990195e+01 1.367732467917669226e+01
3.419999999999990337e+01 -1.970280558820601868e+02
3.429999999999989768e+01 -1.675521549848239999e+02
3.439999999999989910e+01 1.526747219404666467e+01
3.449999999999990052e+01 -1.648669062206770946e+02
3.459999999999989484e+01 2.076855837601292478e+02
3.469999999999989626e+01 -6.033041832961301054e+01
3.479999999999989768e+01 -2.926456504662016869e+02
3.489999999999989910e+01 4.353159426936434429e+00
3.499999999999990052e+01 7.684524036634113031e+01
3.509999999999989484e+01 -4.419702146176842916e+02
3.519999999999989626e+01 1.310487180989563285e+02
3.529999999999989768e+01 -3.131862409726886654e+02
3.539999999999989200e+01 -1.973337224438182602e+02
3.549999999999989342e+01 2.985951058363479405e+01
3.559999999999989484e+01 -2.223371888938527547e+02
3.569999999999989626e+01 1.569072501155295356e+02
3.579999999999989768e+01 -1.621011339769252402e+02
3.589999999999989200e+01 6.701416995465999094e+01
3.599999999999989342e+01 -1.028831509782949212e+02
3.609999999999989484e+01 2.668518523933468600e+02
3.619999999999988916e+01 3.613129051461149288e+02
3.629999999999989058e+01 -2.361669145826641341e+02
3.639999999999989200e+01 2.894913283456854174e+02
3.649999999999989342e+01 1.747804426098524004e+02
3.659999999999989484e+01 8.345085015230094427e+01
3.669999999999988916e+01 -3.539912218315607220e+02
3.679999999999989058e+01 -4.472925582005450451e+02
3.689999999999989200e+01 4.123478635412238305e+02
3.699999999999988631e+01 2.096194717115633921e+02
3.709999999999988773e+01 -1.603290179406388347e+02
3.719999999999988916e+01 -1.133527806272875083e+00
3.729999999999989058e+01 -3.251956250762145828e+02
3.739999999999989200e+01 2.024790977474046372e+02
3.749999999999988631e+01 -8.465411846638813742e+00
3.759999999999988773e+01 -5.773957849988572661e+02
3.769999999999988916e+01 -1.856586350611038085e+02
3.779999999999988347e+01 1.331671645215998865e+02
3.789999999999988489e+01 2.534632225553577456e+01
3.799999999999988631e+01 -4.765327115831143487e+02
3.809999999999988773e+01 1.462659038230724562e+01
3.819999999999988916e+01 -2.215393668437394297e+02
3.829999999999988347e+01 -2.142606629723891274e+02
3.839999999999988489e+01 4.620449707000281592e+02
3.849999999999988631e+01 -1.785202343814961239e+02
3.859999999999988063e+01 -4.383551478438985782e+02
3.869999999999988205e+01 -9.988147223307613842e+01
3.879999999999988347e+01 1.746530762052678085e+02
3.889999999999988489e+01 -2.983823144282388853e+02
3.899999999999988631e+01 -4.176924893667022047e+02
3.909999999999988063e+01 6.754370654986482236e+01
3.919999999999988205e+01 3.183913322387787730e+02
3.929999999999988347e+01 -4.485294153656345628e+01
3.939999999999987779e+01 -1.102392581542675600e+02
3.949999999999987921e+01 -2.805273067869442229e+02
3.959999999999988063e+01 -8.092278519746398047e+01
3.969999999999988205e+01 -1.710976875691921464e+02
3.979999999999988347e+01 -3.379090504076643811e+02
3.989999999999987779e+01 7.337867628393875066e+02
3.999999999999987921e+01 6.770850020238371769e+01
4.009999999999988063e+01 2.124136532497603298e+02
4.019999999999987494e+01 -3.955639139632278329e+02
4.029999999999987637e+01 -3.144503542958133835e+02
4.039999999999987779e+01 6.996859835241444614e+01
4.049999999999987921e+01 3.190765355228787215e+01
4.059999999999988063e+01 1.242549566794934890e+00
4.069999999999987494e+01 -4.017419006483577846e+02
4.079999999999987637e+01 2.228540087723018530e+02
4.089999999999987779e+01 -3.296261337566480165e+01
4.099999999999987210e+01 1.305764891614804526e+02
4.109999999999987352e+01 -1.588763281726433085e+01
4.119999999999987494e+01 3.638559792272822051e+02
4.129999999999987637e+01 -3.158046844755676261e+02
4.139999999999987779e+01 5.979120349675026773e+02
4.149999999999987210e+01 3.655200331486359744e+01
4.159999999999987352e+01 4.141934011688597366e+02
4.169999999999987494e+01 2.442127943530824439e+02
4.179999999999986926e+01 1.449293393210693921e+02
4.189999999999987068e+01 -1.304719099889108804e+02
4.199999999999987210e+01 7.582497147494177625e+01
4.209999999999987352e+01 3.348614050485200551e+02
4.219999999999987494e+01 1.950665237365369364e+02
4.229999999999986926e+01 7.465939127257691155e+01
4.239999999999987068e+01 4.750872527756180830e+02
4.249999999999987210e+01 -2.630554324343061126e+02
4.259999999999986642e+01 8.506659286157411515e+00
4.269999999999986784e+01 -2.860940029062169287e+02
4.279999999999986926e+01 2.204279277447881213e+02
4.289999999999987068e+01 -3.747762438582099662e+02
4.299999999999987210e+01 1.268414410869359301e+02
4.309999999999986642e+01 3.828003009504467968e+02
4.319999999999986784e+01 1.865907477798269909e+01
4.329999999999986926e+01 8.447394047093303016e+01
4.339999999999986358e+01 3.099233892348420127e+01
4.349999999999986500e+01 2.744902883949147849e+02
4.359999999999986642e+01 -3.610627277683321381e+02
4.369999999999986784e+01 -7.747883657702336677e+02
4.379999999999986926e+01 1.939291395219704555e+02
4.389999999999986358e+01 1.911428357760424035e+02
4.399999999999986500e+01 8.948474782820017026e+01
4.409999999999986642e+01 -5.054558103695623572e+01
4.419999999999986073e+01 2.225030024829147735e+01
4.429999999999986215e+01 7.632995859662229350e+02
4.439999999999986358e+01 2.983471569443217959e+02
4.449999999999986500e+01 3.178855457835194187e+00
4.459999999999986642e+01 -3.175616196058381320e+02
4.469999999999986073e+01 -2.242619130491725912e+02
4.479999999999986215e+01 -1.544822936091371162e+02
4.489999999999986358e+01 8.385760718635843602e+01
4.499999999999985789e+01 -2.443390124789473248e+02
4.509999999999985931e+01 -1.063055753864552173e+02
4.519999999999986073e+01 -8.427961768595204717e+01
4.529999999999986215e+01 -1.748688019277885530e+02
4.539999999999986358e+01 -1.219959457038193307e-01
4.549999999999985789e+01 1.439924637716271434e+02
4.559999999999985931e+01 2.525490379840917115e+02
4.569999999999986073e+01 -1.599313239815581653e+02
4.579999999999985505e+01 -5.255967261090270313e+02
4.589999999999985647e+01 2.233856301303943610e+02
4.599999999999985789e+01 -2.934132279426197556e+02
4.609999999999985931e+01 -1.979338796100552429e+02
4.619999999999986073e+01 -1.561280560779741755e+01
4.629999999999985505e+01 1.502629640656972470e+02
4.639999999999985647e+01 1.141755728044531253e+02
4.649999999999985789e+01 -3.285542589350314984e+02
4.659999999999985221e+01 -5.155550566953894531e+02
4.669999999999985363e+01 -6.717451716896862024e+01
4.679999999999985505e+01 -3.595922471721020770e+02
4.689999999999985647e+01 -2.391549477160358350e+01
4.699999999999985789e+01 4.038824428514566307e+02
4.709999999999985221e+01 -6.001454424944892025e+02
4.719999999999985363e+01 -5.042398324807087988e+02
4.729999999999985505e+01 5.034375092635960414e+02
4.739999999999984936e+01 2.467528950126793745e+02
4.749999999999985079e+01 7.906112923354030499e+02
4.759999999999985221e+01 -2.840927701695360383e+02
4.769999999999985363e+01 6.277037024332440041e+00
4.779999999999985505e+01 -3.961791591128540801e+01
4.789999999999984936e+01 4.921147308068141513e+01
4.799999999999985079e+01 3.801107353477653419e+02
4.809999999999985221e+01 3.084675587254611742e+02
4.819999999999984652e+01 3.007095330826837554e+01
4.829999999999984794e+01 1.509173295450738124e+02
4.839999999999984936e+01 -7.361642715751352739e+01
4.849999999999985079e+01 -8.594111742997959880e+01
4.859999999999985221e+01 5.357204972503486715e+02
4.869999999999984652e+01 2.399916877320620188e+02
4.879999999999984794e+01 -4.514771082216921627e+02
4.889999999999984936e+01 -2.627088009119876233e+02
4.899999999999984368e+01 5.273891299547449307e+02
4.909999999999984510e+01 1.296256504656628010e+02
4.919999999999984652e+01 3.426207107110304264e+02
4.929999999999984794e+01 -7.170030862486991907e+01
4.939999999999984936e+01 -8.236183230699768387e+01
4.949999999999984368e+01 3.295026524582712568e+02
4.959999999999984510e+01 2.945596262484995123e+02
4.969999999999984652e+01 8.394281383138502406e+01
4.979999999999984084e+01 -4.182366469235233808e+02
4.989999999999984226e+01 -2.480605521088290573e+02
4.999999999999984368e+01 -1.428315925920475991e+02
5.009999999999984510e+01 -7.849913400719891854e+00
5.019999999999984652e+01 -1.437363849715819981e+02
5.029999999999984084e+01 4.083671419157211631e+02
5.039999999999984226e+01 -3.260792362183020998e+01
5.049999999999984368e+01 -1.421116577561040373e+00
5.059999999999983800e+01 -1.204380417064353104e+01
5.069999999999983942e+01 -1.912765937873781752e+02
5.079999999999984084e+01 3.026094208305002553e+02
5.089999999999984226e+01 7.674991124515406682e+01
5.099999999999984368e+01 -1.276191253543990811e+01
5.109999999999983800e+01 4.682967210799130271e+02
5.119999999999983942e+01 3.819328064114977224e+02
5.129999999999984084e+01 -8.355665081240340442e+01
5.139999999999983515e+01 3.220912756268934913e+02
5.149999999999983658e+01 2.357835027008210105e+01
5.159999999999983800e+01 -1.076013068546776026e+02
5.169999999999983942e+01 -1.041995767000039734e+02
5.179999999999984084e+01 -1.761609989772621532e+02
5.189999999999983515e+01 -3.801956866583172001e+01
5.199999999999983658e+01 4.120440044562118231e+01
5.209999999999983800e+01 1.083642081587791921e+02
5.219999999999983231e+01 -3.004011359720735754e+02
5.229999999999983373e+01 6.576191673083798150e+01
5.239999999999983515e+01 2.704335263626098822e+02
5.249999999999983658e+01 9.092794856116195490e+01
5.259999999999983800e+01 1.420623492596305226e+01
5.269999999999983231e+01 -1.649076916423771522e+01
5.279999999999983373e+01 -1.614978270433904584e+02
5.289999999999983515e+01 -2.748905202215822783e+02
5.299999999999982947e+01 3.898214915988027087e+02
5.309999999999983089e+01 6.602655362705422704e+01
5.319999999999983231e+01 -5.475368831587420573e+02
5.329999999999983373e+01 -5.145795176891697338e+02
5.339999999999983515e+01 -4.902459771752798190e+01
5.349999999999982947e+01 -5.537220045335151042e+01
5.359999999999983089e+01 1.246608783512698722e+02
5.369999999999983231e+01 -7.739904968581316780e+01
5.379999999999982663e+01 1.361778180711097548e+02
5.389999999999982805e+01 -2.757340357667773105e+02
5.399999999999982947e+01 -9.469533314081473918e+01
5.409999999999983089e+01 2.138047861815407771e+02
5.419999999999983231e+01 -3.498143677512603631e+02
5.429999999999982663e+01 2.571335898148404340e+02
5.439999999999982805e+01 1.387867507074216462e+02
5.449999999999982947e+01 5.959226508191228788e-01
5.459999999999982379e+01 -1.768329080796883659e+02
5.469999999999982521e+01 -5.524951044097839770e+01
5.479999999999982663e+01 2.633661083004266743e+02
5.489999999999982805e+01 2.374463149648415765e+02
