-6.052594522519426715e-03
-6.168586110774093231e-03
-6.285442254197711950e-03
-6.403163522563640707e-03
-6.521750594163561870e-03
-6.641204252821451652e-03
-6.761525385085884188e-03
-6.882714977421790919e-03
-7.004774113603097485e-03
-7.127703972192634546e-03
-7.251505823981028477e-03
-7.376181029685508275e-03
-7.501731037607908305e-03
-7.628157381419016156e-03
-7.755461678006538885e-03
-7.883645625402046012e-03
-8.012711000708152773e-03
-8.142659658251604274e-03
-8.273493527538287179e-03
-8.405214611579718553e-03
-8.561707882665109404e-03
-8.839618456072383459e-03
-9.123927583186060633e-03
-9.414719255827378591e-03
-9.712077639000617560e-03
-1.001608706621072951e-02
-1.032683203503461170e-02
-1.064439720256863189e-02
-1.096886738101912791e-02
-1.130032753332093666e-02
-1.163886276878142723e-02
-1.198455833881102543e-02
-1.233749963260266473e-02
-1.269777217300053704e-02
-1.306546161223358371e-02
-1.344065372790270545e-02
-1.382343441875446763e-02
-1.421388970073093200e-02
-1.461210570286609021e-02
-1.501816866339027862e-02
-1.543216492570843347e-02
-1.585418093452285390e-02
-1.628430323195667606e-02
-1.672261845370599798e-02
-1.716921332521840690e-02
-1.762417465793075441e-02
-1.808758934551337599e-02
-1.855954436015117698e-02
-1.904012674883524131e-02
-1.952942362976849491e-02
-2.002752218865517034e-02
-2.053450967517090123e-02
-2.105047339933888151e-02
-2.157550072801506236e-02
-2.210967908135381618e-02
-2.265309592932114591e-02
-2.320583878821297352e-02
-2.376799521724869135e-02
-2.433965281512060277e-02
-2.492089921658413934e-02
-2.551182208913865129e-02
-2.611250912965819640e-02
-2.731455735929381318e-02
-2.867579809754779510e-02
-3.006646889737420170e-02
-3.148684786673046354e-02
-3.293721303248019205e-02
-3.441784233140481042e-02
-3.592901360125921872e-02
-3.747100457177293675e-02
-3.904409285575725919e-02
-4.064855594017276197e-02
-4.228467117719289514e-02
-4.395271577537185337e-02
-4.565296679063140378e-02
-4.738570111754733527e-02
-4.915119548038710678e-02
-5.094972642427395698e-02
-5.278157030639282765e-02
-5.464700328712530919e-02
-5.654630132126132330e-02
-5.847974014920209046e-02
-6.044759528814772770e-02
-6.245014202336832826e-02
-6.448765539937488522e-02
-6.656041021121884838e-02
-6.866868099570540285e-02
-7.081274202269127738e-02
-7.299286728634965526e-02
-7.520933049644681900e-02
-7.746240506962344397e-02
-7.975236412073860581e-02
-8.207948045415913718e-02
-8.460788325808564492e-02
-8.889746098592742063e-02
-9.326514351710217532e-02
-9.771150435522903133e-02
-1.022371160305832610e-01
-1.068425500794899785e-01
-1.115283770235542538e-01
-1.162951663488964865e-01
-1.211434864853434268e-01
-1.260739047855295447e-01
-1.310869875040248655e-01
-1.361832997762942310e-01
-1.413634055976925596e-01
-1.466278678023933135e-01
-1.519772480422377781e-01
-1.574121067655665229e-01
-1.629330031959530245e-01
-1.685404953109259085e-01
-1.742351398206251623e-01
-1.800174921464327560e-01
-1.858881063994372862e-01
-1.918475353590018972e-01
-1.978963304512240673e-01
-2.040350417272397132e-01
-2.102642178416213314e-01
-2.165844060306303387e-01
-2.229961520904881478e-01
-2.307598762220498811e-01
-2.411265204635633652e-01
-2.516541781181160231e-01
-2.623437863250432378e-01
-2.731962788263853636e-01
-2.842125859174872704e-01
-2.953936343973932455e-01
-3.067403475191044504e-01
-3.182536449395076961e-01
-3.299344426691674936e-01
-3.417836530218765767e-01
-3.538021845640166863e-01
-3.659909420636466848e-01
-3.783508264394597753e-01
-3.908827347094449567e-01
-4.035875599394517788e-01
-4.164661911913928871e-01
-4.295195134714287488e-01
-4.427484076777815636e-01
-4.561537505484072885e-01
-4.697364146085017400e-01
-4.834972681177388543e-01
-4.974371750174072515e-01
-5.115569948771815367e-01
-5.325409470549744562e-01
-5.558083274664608053e-01
-5.793949365162640586e-01
-6.033021940324728716e-01
-6.275315088356374638e-01
-6.520842786019365178e-01
-6.769618897260532009e-01
-7.021657171833174393e-01
-7.276971243915268950e-01
-7.535574630720708322e-01
-7.797480731108293872e-01
-8.062702824183326511e-01
-8.331254067896816107e-01
-8.603147497638520269e-01
-8.878396024827163169e-01
-9.157012435495418545e-01
-9.439009388870865935e-01
-9.724399415953758341e-01
-1.001319491809013806e+00
-1.030540816554170069e+00
-1.060105129605209751e+00
-1.090013631341026246e+00
-1.120267508600924611e+00
-1.150867934540340976e+00
-1.181816068486214677e+00
-1.213113055792050865e+00
-1.244760027692761506e+00
-1.276758101159230163e+00
-1.309108378752702917e+00
-1.341811948478867089e+00
-1.374869883641915314e+00
-1.408283242698187498e+00
-1.442053069109823005e+00
-1.476180391198220754e+00
-1.510666221997446712e+00
-1.545511559107308530e+00
-1.580717384546680648e+00
-1.616284664606436605e+00
-1.652214349702527452e+00
-1.688507374228990443e+00
-1.725164656410883346e+00
-1.762187098157337539e+00
-1.799575584914467674e+00
-1.837330985518544901e+00
-1.875454152049071066e+00
-1.913945919681992791e+00
-1.952807106543098081e+00
-1.992038513561426250e+00
-2.031640924322934527e+00
-2.071615104924227069e+00
-2.119420609572272962e+00
-2.172648971724002287e+00
-2.226395381074457447e+00
-2.280660587543307027e+00
-2.335445309952388637e+00
-2.390750235780552124e+00
-2.446576020919739580e+00
-2.502923289432189780e+00
-2.559792633309065923e+00
-2.617184612230410767e+00
-2.675099753326386942e+00
-2.733538550940148415e+00
-2.792501466392260934e+00
-2.851988927746423208e+00
-2.912001329577241560e+00
-2.972539032739426101e+00
