6.589719309523942893e-03
1.312346040858222880e-02
1.959902462627774802e-02
2.601426861986508993e-02
3.238748887897710538e-02
3.874417799796675554e-02
4.507819061454260146e-02
5.138380978894584172e-02
5.765566705015585242e-02
6.389718214564475696e-02
7.012655652539262485e-02
7.634273967861070209e-02
8.254469775043470070e-02
8.873153525394364416e-02
9.490263494443129666e-02
1.010568627041645573e-01
1.071930876071966604e-01
1.133119439674355050e-01
1.194125409695135781e-01
1.254940080411443282e-01
1.315554811284974646e-01
1.375961078974209939e-01
1.436152485294076575e-01
1.496144550533063111e-01
1.555931821743627985e-01
1.615509019560506798e-01
1.674870966228149127e-01
1.734012603582793799e-01
1.792928955604753960e-01
1.851615138552964446e-01
1.910066298782816252e-01
1.968277639164595638e-01
2.026252661577643277e-01
2.083987111128731140e-01
2.141472558022858574e-01
2.198700462044620718e-01
2.255662101937790653e-01
2.312348566419740181e-01
2.368750692116473044e-01
2.424924477439968917e-01
2.480874655327327538e-01
2.536597384656934517e-01
2.592123956075624291e-01
2.647458096877833844e-01
2.702597750594851744e-01
2.757541025568802096e-01
2.812345638317779173e-01
2.867038065190718465e-01
2.921607907325933784e-01
2.976045583462169075e-01
3.030342008633271633e-01
3.084488563406153627e-01
3.138477139615655220e-01
3.192300002521323288e-01
3.245949738828706743e-01
3.299432594872188651e-01
3.352762581220625759e-01
3.405935961084171071e-01
3.458949173428261248e-01
3.511798798515527453e-01
3.564481641689807301e-01
3.616994561187319435e-01
3.669334612544306040e-01
3.721516200470640912e-01
3.773539226552968251e-01
3.825401111226809370e-01
3.877099304237870414e-01
3.928631340649683112e-01
3.980003880476071232e-01
4.031216902026956150e-01
4.082266622068895234e-01
4.133149224392737020e-01
4.183860838507462154e-01
4.234397525501216730e-01
4.284755228180562314e-01
4.334929806063990698e-01
4.384916987502038843e-01
4.434712334293978153e-01
4.484311204293444098e-01
4.533720247107295154e-01
4.582939573968644043e-01
4.631966396231588234e-01
4.680797780815487696e-01
4.729430749013150970e-01
4.777862070427176810e-01
4.826088521108501395e-01
4.874106782130491200e-01
4.921913235038683498e-01
4.969504169518985659e-01
5.016898047588919107e-01
5.064116804566152208e-01
5.111187528762149990e-01
5.158159978041988447e-01
5.205028332749983555e-01
5.251831461623288622e-01
5.298561234118225327e-01
5.345209685088301299e-01
5.391769081490496163e-01
5.438231795373030808e-01
5.484590399817800277e-01
5.530837503967885871e-01
5.576965865299894354e-01
5.622968129812316862e-01
5.668836909832778437e-01
5.714607033664788061e-01
5.760302016549551096e-01
5.805916917365295804e-01
5.851446996419406021e-01
5.896887686474434620e-01
5.942234314761676295e-01
5.987482256234617495e-01
6.032627056264893151e-01
6.077664082288168901e-01
6.122588796515223697e-01
6.167410829628722224e-01
6.212133460278517205e-01
6.256767798856553986e-01
6.301310405350619703e-01
6.345757687350980225e-01
6.390106308990088912e-01
6.434352811951307149e-01
6.478493825997824196e-01
6.522526057375708231e-01
6.566445984633170196e-01
6.610250384208183894e-01
6.653935714557206449e-01
6.697498527256007250e-01
6.740935455911607477e-01
6.784242771574066078e-01
6.827416843408038449e-01
6.870454025040166890e-01
6.913350448191541986e-01
6.956102045038449200e-01
6.998704868473917262e-01
7.041154733568715240e-01
7.083474784960475112e-01
7.125696775467760258e-01
7.167817820759219138e-01
7.209865572018125945e-01
7.251853372576568812e-01
7.293778731511340041e-01
7.335639065737381559e-01
7.377431878440547930e-01
7.419154634891967914e-01
7.460804817062843819e-01
7.502379850644348425e-01
7.543877182150066085e-01
7.585294185618557394e-01
7.626628245291490193e-01
7.667876677055571744e-01
7.709036750763665902e-01
7.750105714690912473e-01
7.791080707544204564e-01
7.831973370970621851e-01
7.872790941540801501e-01
7.913532237504579125e-01
7.954196070816985653e-01
7.994781245532405212e-01
8.035286553421339129e-01
8.075710772394856241e-01
8.116052663438556580e-01
8.156337555475651202e-01
8.196568567930091476e-01
8.236743766625757024e-01
8.276861113335480802e-01
8.316918711157880173e-01
8.356914675130996395e-01
8.396847135055581779e-01
8.436714227461746818e-01
8.476514093772070657e-01
8.516244878807731622e-01
8.555904706813470817e-01
8.595491360111832124e-01
8.635002677543538452e-01
8.674437288127625489e-01
8.713792982212399396e-01
8.753067686373600109e-01
8.792259542148518348e-01
8.831366998613152663e-01
8.870387805985243679e-01
8.909319767776776589e-01
8.948161176632769553e-01
8.986909670257815508e-01
9.025563122389975712e-01
9.064119474760121697e-01
9.102595549373150297e-01
9.140994260527109949e-01
9.179313855987939474e-01
9.217552575241169110e-01
9.255708845459827971e-01
9.293780666648655542e-01
9.331766295902345076e-01
9.369663920569637483e-01
9.407471349964152685e-01
9.445186713991181593e-01
9.482807948300738810e-01
9.520332760590777266e-01
9.557759068377021938e-01
9.595084512111603514e-01
9.632306640005221521e-01
9.669440364189004766e-01
9.706491501460692284e-01
9.743457971566961140e-01
9.780337525906878104e-01
9.817127638288490887e-01
9.853826107798964173e-01
9.890439516034310596e-01
9.927008250953570645e-01
9.963529444425154313e-01
1.000000000000000444e+00
