1.555198282003402710e-01
2.263491414487361908e-02
1.567419618368148804e-02
1.314889267086982727e-02
1.157493423670530319e-02
1.035127416253089905e-02
8.928306400775909424e-03
6.395227275788784027e-03
4.747184924781322479e-03
4.055026452988386154e-03
3.644892713055014610e-03
3.371219150722026825e-03
3.164375433698296547e-03
3.013656940311193466e-03
2.835752209648489952e-03
2.775258384644985199e-03
2.623142907395958900e-03
2.515661530196666718e-03
2.466972917318344116e-03
2.339831320568919182e-03
2.269026823341846466e-03
2.209671074524521828e-03
2.162357093766331673e-03
2.124781021848320961e-03
2.056827070191502571e-03
2.031157026067376137e-03
1.965126255527138710e-03
1.921016024425625801e-03
1.904336386360228062e-03
1.868841238319873810e-03
1.824922859668731689e-03
1.794044394046068192e-03
1.759334234520792961e-03
1.701946719549596310e-03
1.669857418164610863e-03
1.671454054303467274e-03
1.633080421015620232e-03
1.638721209019422531e-03
1.582425902597606182e-03
1.582603435963392258e-03
1.548447646200656891e-03
1.506560482084751129e-03
1.493255840614438057e-03
1.478350488469004631e-03
1.441397471353411674e-03
1.441579777747392654e-03
1.424624584615230560e-03
1.379848574288189411e-03
1.371457008644938469e-03
1.345540396869182587e-03
1.330247614532709122e-03
1.341091701760888100e-03
1.296352944336831570e-03
1.302005373872816563e-03
1.287102233618497849e-03
1.267799525521695614e-03
1.246975152753293514e-03
1.233723363839089870e-03
1.202426268719136715e-03
1.216731965541839600e-03
1.195704797282814980e-03
1.175710931420326233e-03
1.179965329356491566e-03
1.160866348072886467e-03
1.162548200227320194e-03
1.128133968450129032e-03
1.090662553906440735e-03
1.103619579225778580e-03
1.114826765842735767e-03
1.077621476724743843e-03
1.062785973772406578e-03
1.029804698191583157e-03
1.068669953383505344e-03
1.063710078597068787e-03
1.045464421622455120e-03
1.044237869791686535e-03
9.905834449455142021e-04
9.821865241974592209e-04
9.722173563204705715e-04
9.452778613194823265e-04
9.623066289350390434e-04
9.555318392813205719e-04
9.309125016443431377e-04
9.320994140580296516e-04
9.203325607813894749e-04
9.396724635735154152e-04
9.323172271251678467e-04
8.791912696324288845e-04
8.892674231901764870e-04
9.090801468119025230e-04
8.853131439536809921e-04
8.772322325967252254e-04
8.762637153267860413e-04
8.720069308765232563e-04
8.873452898114919662e-04
8.644588524475693703e-04
8.556451066397130489e-04
8.620550506748259068e-04
8.417517528869211674e-04
8.434490882791578770e-04
8.650250383652746677e-04
8.457438088953495026e-04
8.213287219405174255e-04
8.345827227458357811e-04
8.305707015097141266e-04
8.032838231883943081e-04
8.380676154047250748e-04
8.066546870395541191e-04
7.907538092695176601e-04
8.157927077263593674e-04
8.061578264459967613e-04
7.892541470937430859e-04
8.017188520170748234e-04
7.741507724858820438e-04
7.557585486210882664e-04
7.763883331790566444e-04
7.882456411607563496e-04
7.635005167685449123e-04
7.900026976130902767e-04
7.535063778050243855e-04
7.533503812737762928e-04
7.640031981281936169e-04
7.488270057365298271e-04
7.429503602907061577e-04
7.564180414192378521e-04
7.583353435620665550e-04
7.394273998215794563e-04
7.559040677733719349e-04
7.321686134673655033e-04
7.409584941342473030e-04
7.214897777885198593e-04
7.327525527216494083e-04
7.376040448434650898e-04
7.253437070176005363e-04
7.316007977351546288e-04
7.451639394275844097e-04
7.199003593996167183e-04
7.115881307981908321e-04
7.140105008147656918e-04
7.067915285006165504e-04
7.057655602693557739e-04
7.069717394188046455e-04
7.061349460855126381e-04
7.211213815025985241e-04
7.053600857034325600e-04
7.036092574708163738e-04
7.000926416367292404e-04
7.257153629325330257e-04
6.870931829325854778e-04
6.968384841457009315e-04
6.813933723606169224e-04
6.909647490829229355e-04
6.719997618347406387e-04
6.886756746098399162e-04
6.797600653953850269e-04
6.848179618827998638e-04
6.789796170778572559e-04
6.838026456534862518e-04
6.776372902095317841e-04
6.822558934800326824e-04
6.711190799251198769e-04
6.877389969304203987e-04
