7.000000000000000000e+00
7.000000000000000000e+00
7.045604174327264602e+00
7.119003851026615592e+00
7.192892223288299469e+00
7.267408509389844617e+00
7.342268511708428314e+00
7.417388518878923698e+00
7.492658661962084743e+00
7.568171998073871976e+00
7.643908445166646359e+00
7.719894731440072100e+00
7.796182963074543615e+00
7.872823502276364849e+00
7.949579036338066729e+00
8.026443532346466014e+00
8.103422858432379527e+00
8.180570896839030937e+00
8.257859999739936896e+00
8.335286347075278712e+00
8.412855308427989343e+00
8.490601683473144590e+00
8.568548582508659806e+00
8.646655111914469671e+00
8.724925296937556141e+00
8.803365699566533920e+00
8.882042258016307201e+00
8.960919099638882557e+00
9.039992716483645552e+00
9.119269743552074203e+00
9.198760974738611651e+00
9.278512221633029355e+00
9.358467174079111217e+00
9.438631468952538128e+00
9.519010897462440113e+00
9.599612853156445524e+00
9.680513618119531927e+00
9.761650668108790896e+00
9.843030337480533021e+00
9.924659167626991518e+00
1.000654391271240051e+01
1.008873904795297172e+01
1.017122332533421414e+01
1.025397748936249620e+01
1.033701118790149387e+01
1.042033534168855624e+01
1.050396139535070716e+01
1.058795983718259492e+01
1.067230758901642673e+01
1.075699969786354515e+01
1.084200145202126109e+01
1.092728661587201344e+01
1.101285583507988797e+01
1.109872185515426679e+01
1.118488669758468212e+01
1.127130316061799675e+01
1.135797595430467055e+01
1.144490991243162270e+01
1.153207502210915258e+01
1.161941926783376999e+01
1.170691834865328040e+01
1.179459844461836582e+01
1.188247829976280556e+01
1.197055433834317206e+01
1.205883836642635920e+01
1.214734202173549882e+01
1.223607685689345814e+01
1.232505440883420533e+01
1.241428266641460532e+01
1.250375550785496159e+01
1.259347405688953359e+01
1.268343762517276296e+01
1.277364223699074408e+01
1.286409467053545086e+01
1.295480163219035674e+01
1.304576988853724551e+01
1.313700622119034378e+01
1.322850797448416493e+01
1.332026259637532029e+01
1.341227313605578608e+01
1.350454577773138887e+01
1.359709618842352974e+01
1.368993564987089862e+01
1.378304149556004532e+01
1.387641586908886637e+01
1.397006648396241957e+01
1.406400206028967226e+01
1.415823163383789129e+01
1.425276459314654609e+01
1.434761075061954827e+01
1.444278036491522421e+01
1.453828417412501395e+01
1.463413348674335346e+01
1.473034027036585591e+01
1.482691096700462019e+01
1.492384083467921485e+01
1.502113508679487097e+01
1.511880333561190248e+01
1.521685571495900824e+01
1.531530281651131276e+01
1.541415597600833465e+01
1.551342690035358629e+01
1.561312792020182627e+01
1.571327233873855889e+01
1.581386758326724085e+01
1.591487840391590503e+01
1.601625964013256720e+01
1.611794604336681758e+01
1.621985163944520991e+01
1.632197005260593770e+01
1.642423815162970158e+01
1.652667516350915022e+01
1.662930018558442669e+01
1.673213218052766749e+01
1.683519014294712690e+01
1.693849310136699060e+01
1.704206030719846154e+01
1.714591134659533722e+01
1.725006648210719362e+01
1.735449623550281828e+01
1.745913069419832908e+01
1.756395205763746858e+01
1.766897342910396418e+01
1.777420764881557247e+01
1.787966781425003759e+01
1.798536726312851997e+01
1.809131921662961773e+01
1.819753745204186046e+01
1.830404514751877798e+01
1.841081773171371694e+01
1.851783880697021445e+01
1.862508785577461268e+01
1.873257582394679233e+01
1.884031393902352391e+01
1.894831329747606219e+01
1.905658531442667325e+01
1.916514138983514215e+01
1.927399344238150292e+01
1.938315335700826836e+01
1.949263365715165008e+01
1.960245428504823906e+01
1.971264457807692594e+01
1.982319818633315833e+01
1.993412960419989943e+01
2.004545397177068722e+01
2.015718755946868512e+01
2.026934725352331768e+01
2.038195068327044623e+01
2.049495493986509587e+01
2.060828523456358852e+01
2.072191715796400757e+01
2.083575993635597357e+01
2.094978824434910436e+01
2.106401150794298971e+01
2.117843929320337892e+01
2.129308125216602221e+01
2.140796154612005608e+01
2.152309033254908854e+01
2.163846591727048363e+01
2.175409900926912243e+01
2.187000059352105907e+01
2.198618207414454062e+01
2.210266127577318329e+01
2.221947135253505223e+01
2.233654451005804020e+01
2.245386647637313970e+01
2.257144307898770919e+01
2.268928026415220600e+01
2.280739892721815920e+01
2.292581343920570092e+01
2.304447977274197257e+01
2.316333578199495591e+01
2.328238043597725948e+01
2.340162478137073876e+01
2.352110248054631469e+01
2.364079655129320656e+01
2.376071548001729283e+01
2.388086784467660806e+01
2.400126458610820279e+01
2.412194829291686915e+01
2.424289614312405305e+01
2.436411729042495722e+01
2.448562085855132153e+01
2.460743311285672519e+01
2.472958057131148379e+01
2.485204311213117379e+01
2.497483240960527695e+01
2.509795899375560424e+01
2.522148744882745675e+01
2.534538572113602228e+01
2.546962668728133039e+01
2.559417095105896323e+01
2.571906186966451457e+01
2.584428416464063005e+01
2.596983591650628043e+01
2.609572797590984194e+01
2.622202347577102088e+01
2.634869625703949580e+01
2.647574843584509452e+01
2.660320186510117324e+01
2.673112869102426714e+01
2.685948173713878617e+01
2.698823550842225671e+01
2.711738645536857106e+01
2.724693001035946338e+01
2.737685465592275236e+01
2.750719196182891224e+01
2.763791956186609156e+01
2.776885004761362197e+01
2.789999999999991687e+01
