1.243265420198440552e-01
1.989658549427986145e-02
1.342429686337709427e-02
9.669390507042407990e-03
7.837025448679924011e-03
6.737826392054557800e-03
5.932779982686042786e-03
5.344142206013202667e-03
4.985583480447530746e-03
4.772266373038291931e-03
4.463610239326953888e-03
4.268317949026823044e-03
4.153840243816375732e-03
3.949468489736318588e-03
3.778265789151191711e-03
3.626935649663209915e-03
3.520591650158166885e-03
3.398087806999683380e-03
3.255111398175358772e-03
3.207330126315355301e-03
3.083041869103908539e-03
3.020510543137788773e-03
2.942157210782170296e-03
2.837062347680330276e-03
2.792425686493515968e-03
2.718204399570822716e-03
2.628434682264924049e-03
2.510216785594820976e-03
2.515483647584915161e-03
2.495110966265201569e-03
2.481918549165129662e-03
2.404892118647694588e-03
2.366638975217938423e-03
2.331387950107455254e-03
2.339795930311083794e-03
2.331940224394202232e-03
2.302014734596014023e-03
2.211092738434672356e-03
2.246411051601171494e-03
2.175507135689258575e-03
2.124382648617029190e-03
2.201431896537542343e-03
2.162918215617537498e-03
2.065171953290700912e-03
2.081706654280424118e-03
2.073430689051747322e-03
2.036280697211623192e-03
1.999755622819066048e-03
1.972433878108859062e-03
1.983425114303827286e-03
1.921923947520554066e-03
1.925590331666171551e-03
1.921470859088003635e-03
1.884596189484000206e-03
1.875016605481505394e-03
1.868191175162792206e-03
1.825285493396222591e-03
1.800653408281505108e-03
1.795761752873659134e-03
1.784612075425684452e-03
1.762493164278566837e-03
1.780562568455934525e-03
1.735393074341118336e-03
1.743207569234073162e-03
1.720093190670013428e-03
1.725987531244754791e-03
