1.319441199302673340e-01
2.097515016794204712e-02
1.513805147260427475e-02
1.248484570533037186e-02
9.745941497385501862e-03
6.844312883913516998e-03
5.537722725421190262e-03
4.828380420804023743e-03
4.364389460533857346e-03
3.997712861746549606e-03
3.756664227694272995e-03
3.421181347221136093e-03
3.345313016325235367e-03
3.264951752498745918e-03
3.013437846675515175e-03
2.920955885201692581e-03
2.854094840586185455e-03
2.835444407537579536e-03
2.684660954400897026e-03
2.637364203110337257e-03
2.551565179601311684e-03
2.543792827054858208e-03
2.464046701788902283e-03
2.477731322869658470e-03
2.385485218837857246e-03
2.306308597326278687e-03
2.289440482854843140e-03
2.191625069826841354e-03
2.215342363342642784e-03
2.177318558096885681e-03
2.161903772503137589e-03
2.082131803035736084e-03
2.094310941174626350e-03
2.061377279460430145e-03
2.014069352298974991e-03
2.045175060629844666e-03
1.960727153345942497e-03
1.908104517497122288e-03
1.936317072249948978e-03
1.888630795292556286e-03
1.873989822342991829e-03
1.878430135548114777e-03
1.817490090616047382e-03
1.738109160214662552e-03
1.728787668980658054e-03
1.785510103218257427e-03
1.747233909554779530e-03
1.690104836598038673e-03
1.703870017081499100e-03
1.740009640343487263e-03
1.680071931332349777e-03
1.692201709374785423e-03
1.666507800109684467e-03
1.660162466578185558e-03
1.600519521161913872e-03
1.631301944144070148e-03
1.578175579197704792e-03
1.575649715960025787e-03
1.603015465661883354e-03
