1.068733930587768555e-01
1.626328006386756897e-02
1.204182021319866180e-02
1.021325401961803436e-02
9.247033856809139252e-03
8.023898117244243622e-03
7.000268902629613876e-03
5.732544232159852982e-03
4.773522727191448212e-03
4.143567755818367004e-03
3.841207129880785942e-03
3.615725785493850708e-03
3.351668594405055046e-03
3.110799007117748260e-03
3.036336740478873253e-03
2.854513004422187805e-03
2.744770143181085587e-03
2.665677806362509727e-03
2.609819173812866211e-03
2.505277050659060478e-03
2.480877097696065903e-03
2.398034557700157166e-03
2.319714520126581192e-03
2.305699745193123817e-03
2.203332958742976189e-03
2.171722240746021271e-03
2.106734085828065872e-03
2.093099756166338921e-03
2.015421167016029358e-03
2.007251139730215073e-03
1.940763555467128754e-03
1.854563481174409389e-03
1.830262131989002228e-03
1.774780103005468845e-03
1.753038726747035980e-03
1.693138619884848595e-03
1.686208881437778473e-03
1.621576258912682533e-03
1.601184019818902016e-03
1.546856947243213654e-03
1.518945326097309589e-03
1.532631111331284046e-03
1.480875536799430847e-03
1.446320209652185440e-03
1.423909445293247700e-03
1.360743539407849312e-03
1.346963923424482346e-03
1.327635720372200012e-03
1.310746185481548309e-03
1.287267310544848442e-03
1.286820392124354839e-03
1.293982029892504215e-03
1.245914259925484657e-03
1.219180761836469173e-03
1.221159007400274277e-03
1.220004633069038391e-03
1.202586572617292404e-03
1.164282206445932388e-03
1.161315478384494781e-03
1.175147364847362041e-03
1.132259494625031948e-03
1.124380039982497692e-03
1.155721372924745083e-03
1.110002398490905762e-03
1.089572208002209663e-03
1.088049844838678837e-03
1.102199777960777283e-03
1.103162183426320553e-03
1.058212132193148136e-03
1.068274374119937420e-03
1.063444186002016068e-03
1.051937346346676350e-03
1.039037131704390049e-03
1.036264235153794289e-03
1.009808969683945179e-03
