6.000000000000000000e+00
6.000000000000000000e+00
6.000000000000000000e+00
6.033776876719312732e+00
6.078626367752732129e+00
6.123613745034537814e+00
6.168726661066248340e+00
6.213911584712680458e+00
6.259259224208379102e+00
6.304633339956953186e+00
6.350241598313489000e+00
6.395849856670024813e+00
6.441717732937013885e+00
6.487611598121703516e+00
6.533731709715790537e+00
6.579935474277679219e+00
6.626328055844350473e+00
6.672865573676095785e+00
6.719552127383821016e+00
6.766447101641167805e+00
6.813447744541242912e+00
6.860714124891482690e+00
6.908045547365794903e+00
6.955697154676244942e+00
7.003377452701624151e+00
7.051437317955358886e+00
7.099497183209093620e+00
7.147984304015143842e+00
7.196475942159267447e+00
7.245390394232871678e+00
7.294337981750573796e+00
7.343570985619129132e+00
7.392841323698937650e+00
7.442221176931778537e+00
7.491619646944331024e+00
7.541164966589886554e+00
7.590740288874811448e+00
7.640497147491452701e+00
7.690295701469816336e+00
7.740310086057139216e+00
7.790376709665685517e+00
7.840639942318950339e+00
7.890949957118158942e+00
7.941340385384273226e+00
7.991748451697384681e+00
8.042245977436815352e+00
8.092761013606715181e+00
8.143375309610904722e+00
8.194006209269852903e+00
8.244746201571782507e+00
8.295500842637663297e+00
8.346373446496279769e+00
8.397257524306196430e+00
8.448273583220650806e+00
8.499297160683624952e+00
8.550468372409074647e+00
8.601646306028335687e+00
8.652964836540672167e+00
8.704296187361109105e+00
8.755768316517741567e+00
8.807263221300802414e+00
8.858897261759288710e+00
8.910566040092202655e+00
8.962370397267143574e+00
9.014223671790574599e+00
9.066206806792223460e+00
9.118254873252391590e+00
9.170423569088274718e+00
9.222667334293610963e+00
9.275009375790702393e+00
9.327445106242249651e+00
9.379966439038591730e+00
9.432602326005536497e+00
9.485308852718775441e+00
9.538153226227324311e+00
9.591050871006666867e+00
9.644112228996418068e+00
9.697206923507589948e+00
9.750493962187416486e+00
9.803806552173512046e+00
9.857313306412518017e+00
9.910863566375914147e+00
9.964585462671680105e+00
1.001838278186644438e+01
1.007232600233930775e+01
1.012637630150083545e+01
1.018053940549867953e+01
1.023484711089294663e+01
1.028923590636343377e+01
1.034381366560219107e+01
1.039843805034461965e+01
1.045330123208967521e+01
1.050820964005259839e+01
1.056333633889983226e+01
1.061855266362249850e+01
1.067394696624716133e+01
1.072948918635976767e+01
1.078516274705354760e+01
1.084100230292993672e+01
1.089690217063783528e+01
1.095301306409870179e+01
1.100917363080246858e+01
1.106552598837743773e+01
1.112195563526681497e+01
1.117850706799544191e+01
1.123518042055167143e+01
1.129192851716456580e+01
1.134884830460415905e+01
1.140581727968021042e+01
1.146296908160181083e+01
1.152017179176521644e+01
1.157746819458112597e+01
1.163483590702868042e+01
1.169224983703274390e+01
1.174977533085334613e+01
1.180733600201098987e+01
1.186501861065829644e+01
1.192276027603220179e+01
1.198059294472705361e+01
1.203853197036390732e+01
1.209652471212571534e+01
1.215467698002525232e+01
1.221287894795746531e+01
1.227122045932854988e+01
1.232965736657252975e+01
1.238818714480376215e+01
1.244686269184806093e+01
1.250559107898244804e+01
1.256447178350239824e+01
1.262342126587833668e+01
1.268247538612221703e+01
1.274165497844606953e+01
1.280089026461963719e+01
1.286030614813915385e+01
1.291978446713044981e+01
1.297938844783907442e+01
1.303911860200916983e+01
1.309891545197071139e+01
1.315890621627123380e+01
1.321895795924829464e+01
1.327913449455550321e+01
1.333943084660261036e+01
1.339979079496981917e+01
1.346033763927349192e+01
1.352095126207047571e+01
1.358169046755031673e+01
1.364256648055162913e+01
1.370351240085409650e+01
1.376463663529621506e+01
1.382584110967325230e+01
1.388715573382826740e+01
1.394862540844372312e+01
1.401016946123795037e+01
1.407188224762906614e+01
1.413370830895340013e+01
1.419562917704352678e+01
1.425774924821374867e+01
1.431995512298012230e+01
1.438231116785829933e+01
1.444483023701215174e+01
1.450744165979536504e+01
1.457025990795218640e+01
1.463320558842507424e+01
1.469626584145143866e+01
1.475956110387929066e+01
1.482295902838871093e+01
1.488651231720804091e+01
1.495025858396389751e+01
1.501411203341096368e+01
1.507816079332026504e+01
1.514237848837623623e+01
1.520671085861967420e+01
1.527127831737466401e+01
1.533599502222190303e+01
1.540083484305392503e+01
1.546594656336244888e+01
1.553119294105671422e+01
1.559658696202713735e+01
1.566225559184848848e+01
1.572806586825785757e+01
1.579404707250454010e+01
1.586027786503601789e+01
1.592663181387178994e+01
1.599313308093710617e+01
1.605982189214036993e+01
1.612658780952675741e+01
1.619343778683000679e+01
1.626042166320084448e+01
1.632745832749470338e+01
1.639455014899953156e+01
1.646173873604526250e+01
1.652898632173507920e+01
1.659630060769603332e+01
1.666373657042479550e+01
1.673124448949345577e+01
1.679882786777338310e+01
1.686656038853873696e+01
1.693437822706814799e+01
1.700228254804424566e+01
1.707035579143640192e+01
1.713853437266623203e+01
1.720681398373939430e+01
1.727527246828671892e+01
1.734382521364792495e+01
1.741245170048753366e+01
1.748117056129013491e+01
1.754997700856276666e+01
1.761885156786789608e+01
1.768781931915388483e+01
1.775689877955743512e+01
1.782605613721987581e+01
1.789530289903741789e+01
1.796469044516882718e+01
1.803416611651318391e+01
1.810373136678517980e+01
1.817345415813051446e+01
1.824328489185977986e+01
1.831321218832665920e+01
1.838326941130634751e+01
1.845344516038237970e+01
1.852370489414122545e+01
1.859405671895308387e+01
1.866454118822403885e+01
1.873511304174997250e+01
1.880577375862624123e+01
1.887657882656698405e+01
1.894749325412569618e+01
1.901850585672008265e+01
1.908964394079141869e+01
1.916093218829219680e+01
1.923232847439309978e+01
1.930383474463315352e+01
1.937551948860180318e+01
1.944733289295577805e+01
1.951926705707191800e+01
1.959134934408920614e+01
1.966361546155762596e+01
1.973601411317901011e+01
1.980854795839399785e+01
1.988127927686473839e+01
1.995418238914299280e+01
2.002723411981715884e+01
2.010043767209437604e+01
2.017388772776083528e+01
2.024750309180271302e+01
2.032128606664309345e+01
2.039525820203676432e+01
2.046944269649354098e+01
2.054374309432734336e+01
2.061815787394787947e+01
2.069270747608873151e+01
2.076737431499811137e+01
2.084211391063847429e+01
2.091692525981994777e+01
2.099182282177333647e+01
2.106682402536262444e+01
2.114190552557634817e+01
2.121706923847152382e+01
2.129233049720191673e+01
2.136770953268144879e+01
2.144317984057704862e+01
2.151874354576299453e+01
2.159441364440061051e+01
2.167021967005003447e+01
2.174612891050363928e+01
2.182214378344298922e+01
2.189827048775492102e+01
2.197455690002337292e+01
2.205095982702515656e+01
2.212748208101896452e+01
2.220412509096051323e+01
2.228091410163196784e+01
2.235780926981000505e+01
2.243480458899880503e+01
2.251190152510800502e+01
2.258912265534702968e+01
2.266647236724498526e+01
2.274392960892823368e+01
2.282149599266196915e+01
2.289917485073199188e+01
2.297701054841911272e+01
2.305492553425158064e+01
2.313291707320142621e+01
2.321098421710530246e+01
2.328914455657299598e+01
2.336740195435134382e+01
2.344574313409936650e+01
2.352417012515397232e+01
2.360268498925460889e+01
2.368132044457506069e+01
2.376005420574512428e+01
2.383888416321229897e+01
2.391781251072703540e+01
2.399684712243724150e+01
2.407601749727985663e+01
2.415529553657160733e+01
2.423468391242521847e+01
2.431418506460151363e+01
2.439381326738393341e+01
2.447358873586359351e+01
2.455348668007449575e+01
2.463350977550408061e+01
2.471366061430848404e+01
2.479395494823110013e+01
2.487441415913483311e+01
2.495501204927331784e+01
2.503575148354203961e+01
2.511663559565278092e+01
2.519767376964274064e+01
2.527890548134325499e+01
2.536029437584676316e+01
2.544182347467850747e+01
2.552348263293587038e+01
2.560526985970623315e+01
2.568721506634197027e+01
2.576930654933590858e+01
2.585153619350395715e+01
2.593390720568225660e+01
2.601642289816851061e+01
2.609908855962863683e+01
2.618194406798486895e+01
2.626495628697951190e+01
2.634812878012235515e+01
2.643146534795439351e+01
2.651497006729738004e+01
2.659865089010775208e+01
2.668254840660252114e+01
2.676662903943126537e+01
2.685089771499826128e+01
2.693534295751043572e+01
2.701994946553107724e+01
2.710471085896096355e+01
2.718965559832093959e+01
2.727477615177725312e+01
2.736006676098513424e+01
2.744553211181299801e+01
2.753116942916018672e+01
2.761695397394452911e+01
2.770282627826484045e+01
2.778880668771335749e+01
2.787489093603252854e+01
2.796107969804762661e+01
2.804736796770134433e+01
2.813372975696817946e+01
2.822014078183078922e+01
2.830660756175346293e+01
2.839314258772211730e+01
2.847975428142791188e+01
2.856644342133047232e+01
2.865321670235454476e+01
2.874008100574870994e+01
2.882704331018694432e+01
2.891410738700063732e+01
2.900126612569967577e+01
2.908852461768410791e+01
2.917587544773403607e+01
2.926332116427885310e+01
2.935086591325488214e+01
2.943851385370069096e+01
2.952626920377776543e+01
2.961413631322917794e+01
2.970211964914798486e+01
2.979024003137828558e+01
2.987849056273888948e+01
2.996687280733114633e+01
3.005539183846866180e+01
3.014405264777105131e+01
3.023286027142545507e+01
3.032182011641477715e+01
3.041093805606485745e+01
3.050021940541241250e+01
3.058967124553981165e+01
3.067924439187752128e+01
3.076894295346799524e+01
3.085877040212849209e+01
3.094873063669526303e+01
3.103882792951306513e+01
3.112906681656637531e+01
3.121945205680647817e+01
3.130998834500439543e+01
3.140068036656317574e+01
3.149155086615666477e+01
3.158258992386944186e+01
3.167380202307480275e+01
3.176519291220464680e+01
3.185676878881837837e+01
3.194848657425738381e+01
3.204030368371027748e+01
3.213221211501541319e+01
3.222421467001744588e+01
3.231630826708840942e+01
3.240849376732305842e+01
3.250077598049664118e+01
3.259316950314514827e+01
3.268567349984768811e+01
3.277829338396276171e+01
3.287103572319581701e+01
3.296390709996148871e+01
3.305691366834174971e+01
3.315006206605686145e+01
3.324335944874735560e+01
3.333681303572565469e+01
3.343043041309844199e+01
3.352421945919719093e+01
3.361818739361670083e+01
3.371234275088245624e+01
3.380669448479731187e+01
3.390125056099415701e+01
3.399603003792964273e+01
3.409103649504717026e+01
3.418627603697311912e+01
3.428174838297902483e+01
3.437743817117038958e+01
3.447335116665830412e+01
3.456949796071797465e+01
3.466588935690530349e+01
3.476253634590050723e+01
3.485945036406976527e+01
3.495664349411309502e+01
3.505412823864592298e+01
3.515191756080909613e+01
3.525002527348078729e+01
3.534846574097777250e+01
3.544725390305699619e+01
3.554640570175188685e+01
3.564593778732842111e+01
3.574586768485531252e+01
3.584620272990208178e+01
3.594694389998296202e+01
3.604810528734086006e+01
3.614970797623351473e+01
3.625177366688247105e+01
3.635432469167672309e+01
3.645738549786719318e+01
3.656098096524554109e+01
3.666513758693122327e+01
3.676988654393363021e+01
3.687525888500282178e+01
3.698128560476484950e+01
3.708799965411829191e+01
3.719543758431580471e+01
3.730366029419842278e+01
3.741272147307780216e+01
3.752263424016157245e+01
3.763344392316351872e+01
3.774519761472255652e+01
3.785794665273315474e+01
3.797174487489853334e+01
3.808665022074470841e+01
3.820275264144283511e+01
3.832023742930723387e+01
3.843905289310178830e+01
3.855927487405209320e+01
3.868098477644583966e+01
3.880431689259489048e+01
3.892955909077808485e+01
3.905660258981436783e+01
3.918556460026452726e+01
3.931678540173815151e+01
3.945040589218845639e+01
3.958636444692076850e+01
3.972516424872878105e+01
3.986684844114077464e+01
4.001155934876101128e+01
4.015988323171701779e+01
4.031168276838492659e+01
4.046772513190877874e+01
4.062805695641862513e+01
4.079299465334546682e+01
4.096296489797975227e+01
4.113797147802115717e+01
4.131859445563524247e+01
4.150551285352879205e+01
4.169952527103641415e+01
4.190152020606239347e+01
4.211259934988593301e+01
4.233403247024669724e+01
4.256733114212423885e+01
4.281454082917279891e+01
4.307858440122506494e+01
4.336287325996288899e+01
4.367200001536344445e+01
4.401274169804786141e+01
4.439502892887271202e+01
4.483280634557925026e+01
4.534820814928474420e+01
4.597890009280774848e+01
4.681789529709825359e+01
4.815497753739285258e+01
5.489999999996594937e+01
