1.188276112079620361e-01
1.964521035552024841e-02
1.476184651255607605e-02
1.236421521753072739e-02
9.619663469493389130e-03
7.018707692623138428e-03
5.595602095127105713e-03
4.726869519799947739e-03
4.187162499874830246e-03
3.859613323584198952e-03
3.517102217301726341e-03
3.310684114694595337e-03
3.274515038356184959e-03
3.112249542027711868e-03
2.925473032519221306e-03
2.856825245544314384e-03
2.775894943624734879e-03
2.705589169636368752e-03
2.603647531941533089e-03
2.611693926155567169e-03
2.508036792278289795e-03
2.459473442286252975e-03
2.396882046014070511e-03
2.372301183640956879e-03
2.285679569467902184e-03
2.245660638436675072e-03
2.209965838119387627e-03
2.154069487005472183e-03
2.167463069781661034e-03
2.127510262653231621e-03
2.079909667372703552e-03
2.050875918939709663e-03
2.014953875914216042e-03
2.021498512476682663e-03
1.994401216506958008e-03
1.931918319314718246e-03
1.912518870085477829e-03
1.869341242127120495e-03
1.834543887525796890e-03
1.827688422054052353e-03
1.759106758981943130e-03
1.763619831763207912e-03
1.754637225531041622e-03
1.738695893436670303e-03
1.695029321126639843e-03
1.698329695500433445e-03
1.616205554455518723e-03
1.601504161953926086e-03
1.606556354090571404e-03
1.617060974240303040e-03
1.558937015943229198e-03
1.571814529597759247e-03
1.528275315649807453e-03
1.540587400086224079e-03
1.510669826529920101e-03
1.515228417702019215e-03
1.474667922593653202e-03
1.447765505872666836e-03
1.418404048308730125e-03
1.461818465031683445e-03
1.436090096831321716e-03
1.422164263203740120e-03
1.421398133970797062e-03
1.376185449771583080e-03
1.368878409266471863e-03
1.365451142191886902e-03
1.315664616413414478e-03
1.333776977844536304e-03
1.326834433712065220e-03
1.298730610869824886e-03
1.304795616306364536e-03
1.305178040638566017e-03
1.289487583562731743e-03
1.273933215998113155e-03
1.286512939259409904e-03
1.261270255781710148e-03
1.266311854124069214e-03
1.249007764272391796e-03
1.240798854269087315e-03
1.236284733749926090e-03
1.254553906619548798e-03
1.211382914334535599e-03
1.234378200024366379e-03
1.246640575118362904e-03
1.207664026878774166e-03
1.214497140608727932e-03
1.213178504258394241e-03
1.192987780086696148e-03
1.207458786666393280e-03
1.184788998216390610e-03
1.203931868076324463e-03
1.192072406411170959e-03
1.179383136332035065e-03
1.171295880340039730e-03
1.171833253465592861e-03
1.190969021990895271e-03
1.174719887785613537e-03
