1.152352094650268555e-01
1.663911715149879456e-02
1.236198749393224716e-02
9.720357134938240051e-03
6.414567120373249054e-03
5.022956989705562592e-03
4.451706539839506149e-03
3.945351578295230865e-03
3.671371145173907280e-03
3.421476809307932854e-03
3.206404624506831169e-03
3.065273631364107132e-03
2.944002160802483559e-03
2.821759087964892387e-03
2.740286756306886673e-03
2.703780541196465492e-03
2.576658967882394791e-03
2.449939958751201630e-03
2.405232051387429237e-03
2.371054608374834061e-03
2.300112973898649216e-03
2.311439719051122665e-03
2.251747064292430878e-03
2.201654016971588135e-03
2.183201257139444351e-03
2.135948278009891510e-03
2.100238343700766563e-03
2.068217610940337181e-03
2.080402802675962448e-03
2.005393384024500847e-03
1.966098090633749962e-03
1.983219059184193611e-03
1.965930219739675522e-03
1.899213180877268314e-03
1.949188997969031334e-03
1.904172357171773911e-03
1.870863256044685841e-03
1.895425724796950817e-03
1.822398044168949127e-03
1.847913488745689392e-03
1.820048550143837929e-03
1.843253383412957191e-03
1.781106810085475445e-03
1.778823090717196465e-03
1.773460186086595058e-03
1.724248169921338558e-03
1.726669026538729668e-03
1.727264141663908958e-03
1.713521778583526611e-03
1.691902521997690201e-03
1.655339845456182957e-03
1.646116725169122219e-03
1.618544571101665497e-03
1.618572743609547615e-03
1.612180611118674278e-03
1.597075373865664005e-03
1.581009128130972385e-03
1.592314569279551506e-03
1.605622237548232079e-03
1.547368708997964859e-03
1.545142149552702904e-03
1.540198223665356636e-03
1.532837515696883202e-03
1.531859626993536949e-03
1.506667002104222775e-03
1.508720684796571732e-03
1.485616550780832767e-03
1.472067902795970440e-03
1.506897853687405586e-03
1.467168447561562061e-03
1.469043665565550327e-03
1.450824202038347721e-03
1.468006870709359646e-03
1.433411962352693081e-03
1.430599717423319817e-03
1.439670682884752750e-03
1.396106090396642685e-03
1.417219522409141064e-03
1.411629607900977135e-03
1.403612550348043442e-03
1.393948798067867756e-03
