1.176862642168998718e-01
1.606833375990390778e-02
1.115807332098484039e-02
7.428486365824937820e-03
5.832688417285680771e-03
5.100004374980926514e-03
4.515058360993862152e-03
4.190527833998203278e-03
3.873891429975628853e-03
3.685940522700548172e-03
3.413385944440960884e-03
3.298384137451648712e-03
3.059692448005080223e-03
2.997969044372439384e-03
2.911807503551244736e-03
2.755931112915277481e-03
2.639927435666322708e-03
2.568365074694156647e-03
2.487495308741927147e-03
2.360655460506677628e-03
2.291009528562426567e-03
2.215281827375292778e-03
2.165355952456593513e-03
2.074179239571094513e-03
2.020574640482664108e-03
1.968143507838249207e-03
1.952916849404573441e-03
1.852483954280614853e-03
1.846109516918659210e-03
1.791350892744958401e-03
1.804841682314872742e-03
1.716425293125212193e-03
1.719174440950155258e-03
1.689727883785963058e-03
1.670681289397180080e-03
1.653193728998303413e-03
1.599966199137270451e-03
1.603622455149888992e-03
1.555069815367460251e-03
1.559523283503949642e-03
1.548362779431045055e-03
1.525449566543102264e-03
1.491380156949162483e-03
1.500610727816820145e-03
1.487243920564651489e-03
1.453065779060125351e-03
1.459236955270171165e-03
1.432431279681622982e-03
1.440523075871169567e-03
