1.282583326101303101e-01
1.918741315603256226e-02
1.448275335133075714e-02
1.159624010324478149e-02
9.048135019838809967e-03
6.450112443417310715e-03
5.202733445912599564e-03
4.605862312018871307e-03
4.184881690889596939e-03
3.864979371428489685e-03
3.567718202248215675e-03
3.440561937168240547e-03
3.267578780651092529e-03
3.125491086393594742e-03
2.982076257467269897e-03
2.859357744455337524e-03
2.878330880776047707e-03
2.691037487238645554e-03
2.651514485478401184e-03
2.580951666459441185e-03
2.523901872336864471e-03
2.453636843711137772e-03
2.425348386168479919e-03
2.335358178243041039e-03
2.276769140735268593e-03
2.238812390714883804e-03
2.185047138482332230e-03
2.149789826944470406e-03
2.120962366461753845e-03
2.102256519719958305e-03
2.057062229141592979e-03
2.024634741246700287e-03
2.000541659072041512e-03
1.968003809452056885e-03
1.904685981571674347e-03
1.843052799813449383e-03
1.843465724959969521e-03
1.837883028201758862e-03
1.797962351702153683e-03
1.789679401554167271e-03
1.743834931403398514e-03
1.741133048199117184e-03
1.710968674160540104e-03
1.695880317129194736e-03
1.676520332694053650e-03
1.642348477616906166e-03
1.630251761525869370e-03
1.615368877537548542e-03
1.635041669942438602e-03
1.614874810911715031e-03
1.591179287061095238e-03
1.577987801283597946e-03
1.530227717012166977e-03
1.534726819954812527e-03
1.552470843307673931e-03
1.504949177615344524e-03
1.477191806770861149e-03
1.475975499488413334e-03
1.489506452344357967e-03
1.464340370148420334e-03
1.436012447811663151e-03
1.432124525308609009e-03
1.445103320293128490e-03
1.424446352757513523e-03
1.440285355783998966e-03
1.410101423971354961e-03
1.395465573295950890e-03
1.393684768117964268e-03
1.361072878353297710e-03
1.386073068715631962e-03
1.375767169520258904e-03
1.358337234705686569e-03
1.382288988679647446e-03
1.352750346995890141e-03
1.340830116532742977e-03
1.345451106317341328e-03
1.348684541881084442e-03
1.354673528112471104e-03
1.339992973953485489e-03
1.343268319033086300e-03
1.320867449976503849e-03
1.333177206106483936e-03
1.338971080258488655e-03
1.321709249168634415e-03
1.321032759733498096e-03
1.320305746048688889e-03
1.291597029194235802e-03
1.285792561247944832e-03
1.284277183003723621e-03
1.275337534025311470e-03
1.269429805688560009e-03
1.271469751372933388e-03
1.271716319024562836e-03
1.294805901125073433e-03
1.260530436411499977e-03
1.270623062737286091e-03
