1.207636818289756775e-01
2.082006447017192841e-02
1.585148461163043976e-02
1.396935898810625076e-02
1.173964515328407288e-02
8.904234506189823151e-03
7.331452798098325729e-03
6.434195209294557571e-03
5.755337886512279510e-03
5.266868509352207184e-03
4.902045242488384247e-03
4.707368090748786926e-03
4.398011602461338043e-03
4.248431883752346039e-03
4.066726658493280411e-03
3.948975820094347000e-03
3.631388768553733826e-03
3.594378707930445671e-03
3.412731690332293510e-03
3.269405569881200790e-03
3.174020908772945404e-03
3.080451162531971931e-03
2.988355699926614761e-03
2.895657205954194069e-03
2.825850620865821838e-03
2.771620638668537140e-03
2.741117961704730988e-03
2.637768629938364029e-03
2.617622027173638344e-03
2.507010940462350845e-03
2.426098799332976341e-03
2.404419472441077232e-03
2.367440145462751389e-03
2.344013191759586334e-03
2.303640358150005341e-03
2.243844326585531235e-03
2.171909902244806290e-03
2.155344700440764427e-03
2.151938620954751968e-03
2.105324063450098038e-03
2.075668657198548317e-03
2.049747621640563011e-03
2.002033405005931854e-03
1.998728606849908829e-03
1.984083792194724083e-03
1.974536571651697159e-03
1.937116612680256367e-03
1.954260515049099922e-03
1.853380934335291386e-03
1.896496862173080444e-03
1.881874050013720989e-03
1.870607724413275719e-03
1.837274758145213127e-03
1.837134012021124363e-03
1.807289081625640392e-03
1.794418902136385441e-03
1.760225743055343628e-03
1.784131047315895557e-03
1.743605709634721279e-03
1.810939284041523933e-03
1.746357069350779057e-03
1.686727162450551987e-03
1.674717874266207218e-03
1.724736648611724377e-03
1.682584756053984165e-03
1.661511021666228771e-03
1.700590597465634346e-03
1.624392811208963394e-03
1.575155300088226795e-03
