1.226227954030036926e-01
1.937800273299217224e-02
1.432991959154605865e-02
1.229711435735225677e-02
1.117583177983760834e-02
1.016790326684713364e-02
9.292894043028354645e-03
8.276140317320823669e-03
6.861567962914705276e-03
5.574431736022233963e-03
4.847954958677291870e-03
4.244720097631216049e-03
3.955522086471319199e-03
3.699901979416608810e-03
3.548815613612532616e-03
3.411298850551247597e-03
3.220101585611701012e-03
3.165842033922672272e-03
3.043815260753035545e-03
2.952047623693943024e-03
2.875538310036063194e-03
2.839748049154877663e-03
2.741727745160460472e-03
2.747555263340473175e-03
2.656982513144612312e-03
2.616938436403870583e-03
2.537464722990989685e-03
2.476115711033344269e-03
2.511143917217850685e-03
2.423335099592804909e-03
2.391016809269785881e-03
2.294214209541678429e-03
2.311428776010870934e-03
2.320194151252508163e-03
2.238997025415301323e-03
2.281588735058903694e-03
2.353719435632228851e-03
2.253524260595440865e-03
2.234360668808221817e-03
2.214967738837003708e-03
2.154404763132333755e-03
2.192439511418342590e-03
2.253409009426832199e-03
2.149073872715234756e-03
2.069164533168077469e-03
2.135348273441195488e-03
2.052840543910861015e-03
2.053902251645922661e-03
2.043032785877585411e-03
2.100080950185656548e-03
1.989983255043625832e-03
2.003780566155910492e-03
2.009808318689465523e-03
1.892540953122079372e-03
1.977154519408941269e-03
2.021752065047621727e-03
1.969537697732448578e-03
1.892934436909854412e-03
1.939383801072835922e-03
1.908937701955437660e-03
1.896301633678376675e-03
1.863971468992531300e-03
1.848190207965672016e-03
1.814787043258547783e-03
1.804513623937964439e-03
1.824255799874663353e-03
1.753920339979231358e-03
1.798480399884283543e-03
1.770465751178562641e-03
1.748382579535245895e-03
1.688730320893228054e-03
1.741340151056647301e-03
1.715463236905634403e-03
1.659337314777076244e-03
1.659566420130431652e-03
1.641168142668902874e-03
1.611314713954925537e-03
1.637287437915802002e-03
1.645656535401940346e-03
1.593278604559600353e-03
1.579861971549689770e-03
1.598363509401679039e-03
1.560722477734088898e-03
1.545867417007684708e-03
1.537551521323621273e-03
1.489778165705502033e-03
1.587474835105240345e-03
1.544731669127941132e-03
1.539731514640152454e-03
1.483087777160108089e-03
1.541189034469425678e-03
1.482886262238025665e-03
1.463147229515016079e-03
1.509508467279374599e-03
1.500974874943494797e-03
1.489370595663785934e-03
1.483216881752014160e-03
1.468937029130756855e-03
1.468208734877407551e-03
1.472709001973271370e-03
1.477311016060411930e-03
