1.085122600197792053e-01
1.729217916727066040e-02
1.274852734059095383e-02
9.476190432906150818e-03
6.716993637382984161e-03
5.310306791216135025e-03
4.469997715204954147e-03
3.973246552050113678e-03
3.567776409909129143e-03
3.304977668449282646e-03
3.078802488744258881e-03
2.961775055155158043e-03
2.736616181209683418e-03
2.664174884557723999e-03
2.566822804510593414e-03
2.505794400349259377e-03
2.422519028186798096e-03
2.346368739381432533e-03
2.311137970536947250e-03
2.299377461895346642e-03
2.238105982542037964e-03
2.204513410106301308e-03
2.146318787708878517e-03
2.112535992637276649e-03
2.096800366416573524e-03
2.056251512840390205e-03
2.022667089477181435e-03
1.980189001187682152e-03
1.977464882656931877e-03
1.963268965482711792e-03
1.944864052347838879e-03
1.904913457110524178e-03
1.888919156044721603e-03
1.835979172028601170e-03
1.834637369029223919e-03
1.801168895326554775e-03
1.776688266545534134e-03
1.753723248839378357e-03
1.740493811666965485e-03
1.732586650177836418e-03
1.747473375871777534e-03
1.695656334049999714e-03
1.665664836764335632e-03
1.652495819143950939e-03
1.674857106991112232e-03
1.605619443580508232e-03
1.591798034496605396e-03
1.575151341967284679e-03
1.587636768817901611e-03
1.586440252140164375e-03
1.566334045492112637e-03
1.568724517710506916e-03
1.523904502391815186e-03
1.535668037831783295e-03
1.529865781776607037e-03
1.541013014502823353e-03
1.492361887358129025e-03
1.475830213166773319e-03
1.504066865891218185e-03
1.485019573010504246e-03
1.485554035753011703e-03
1.463305670768022537e-03
1.438036910258233547e-03
1.436930149793624878e-03
1.414618105627596378e-03
1.423975219950079918e-03
1.395976869389414787e-03
1.384934061206877232e-03
1.368467463180422783e-03
1.357323257252573967e-03
1.338961417786777020e-03
1.292258966714143753e-03
1.219730474986135960e-03
1.261876896023750305e-03
1.198057318106293678e-03
1.173444092273712158e-03
1.154021825641393661e-03
1.150713302195072174e-03
1.136881415732204914e-03
1.154575147666037083e-03
1.095948740839958191e-03
1.098414184525609016e-03
1.103026210330426693e-03
1.075606211088597775e-03
1.061625545844435692e-03
1.060421927832067013e-03
1.055871834978461266e-03
1.065086107701063156e-03
1.048295875079929829e-03
1.026063109748065472e-03
1.030049752444028854e-03
1.036681584082543850e-03
1.033897045999765396e-03
1.023954828269779682e-03
9.833500953391194344e-04
9.760722168721258640e-04
1.012732740491628647e-03
9.718834189698100090e-04
9.546879446133971214e-04
9.767172159627079964e-04
9.605606901459395885e-04
9.411742794327437878e-04
9.597722673788666725e-04
9.411262581124901772e-04
9.199919295497238636e-04
9.117229492403566837e-04
9.183430229313671589e-04
9.302640100941061974e-04
9.111819672398269176e-04
9.265637490898370743e-04
9.199745836667716503e-04
9.266858687624335289e-04
9.107578080147504807e-04
8.944942965172231197e-04
9.240714134648442268e-04
8.949725888669490814e-04
9.079467272385954857e-04
8.802920347079634666e-04
8.986253524199128151e-04
8.769195992499589920e-04
8.729933761060237885e-04
8.907118462957441807e-04
