-8.665693558946808983e-02
-8.961992132087091834e-02
-9.263564988385360188e-02
-9.570454315174384274e-02
-9.882702262894511869e-02
-1.020035094375560114e-01
-1.052344243039137900e-01
-1.085201875452585091e-01
-1.118612190563465780e-01
-1.152579382960822324e-01
-1.187107642741466740e-01
-1.222201155377887066e-01
-1.257864101583459071e-01
-1.296611753296124936e-01
-1.362349326255358206e-01
-1.429283851579726816e-01
-1.497424118184966235e-01
-1.566778900070084912e-01
-1.637356956001765618e-01
-1.709167029196063115e-01
-1.782217847000643618e-01
-1.856518120575430530e-01
-1.932076544572337018e-01
-2.008901796815401319e-01
-2.087002537978273620e-01
-2.166387411263108465e-01
-2.247065042076409891e-01
-2.329044037706045345e-01
-2.412332986995426309e-01
-2.496940460019349550e-01
-2.582875007756506580e-01
-2.670145161763531338e-01
-2.758759433845590636e-01
-2.848726315729331882e-01
-2.940054278732003867e-01
-3.032751773431340281e-01
-3.126827229335298886e-01
-3.222289054548693188e-01
-3.319145635441072550e-01
-3.417405336313009134e-01
-3.536384036295669997e-01
-3.695252362132471213e-01
-3.856588210801858985e-01
-4.020405943919661551e-01
-4.186719871037683505e-01
-4.355544248887487369e-01
-4.526893280620110649e-01
-4.700781115043605185e-01
-4.877221845855152504e-01
-5.056229510873224697e-01
-5.237818091262775866e-01
-5.422001510760033893e-01
-5.608793634892239588e-01
-5.798208270194736835e-01
-5.990259163425679656e-01
-6.184960000776067446e-01
-6.382324407077351047e-01
-6.582365945006504182e-01
-6.785098114285954551e-01
-6.990534350883323977e-01
-7.198688026205641854e-01
-7.409572446290113579e-01
-7.623200850995965894e-01
-7.839586413186830915e-01
-8.161164473960935695e-01
-8.517735962907493352e-01
-8.879199615426734971e-01
-9.245577190315859006e-01
-9.616890277682099697e-01
-9.993160296846316237e-01
-1.037440849424023259e+00
-1.076065594129508085e+00
-1.115192353232257627e+00
-1.154823198238922322e+00
-1.194960182518108427e+00
-1.235605341086349895e+00
-1.276760690393330178e+00
-1.318428228106316213e+00
-1.360609932893988683e+00
-1.403307764209746455e+00
-1.446523662074121308e+00
-1.490259546856916195e+00
-1.534517319058456009e+00
-1.579298859090446649e+00
-1.624606027056343382e+00
-1.670440662530949139e+00
-1.716804584339871376e+00
-1.763699590338172030e+00
-1.811127457188828060e+00
-1.859089940140606023e+00
-1.907588772805538513e+00
-1.956625666936194330e+00
-2.006202312202347571e+00
-2.056320375967591652e+00
-2.106981503065359362e+00
-2.158187315574931375e+00
-2.209939412597063502e+00
-2.262239370029367258e+00
-2.315088740341628260e+00
-2.368489052350892354e+00
