1.134957342086049745e-02
2.265475685890788043e-02
3.391487396978322411e-02
4.512923788801866815e-02
5.629710371044675810e-02
6.741772802083373373e-02
7.849034550189649961e-02
8.951412176768931694e-02
1.004882012501884248e-01
1.114168411393377106e-01
1.223050995396312013e-01
1.331592227937035411e-01
1.439906846574744159e-01
1.547981431660352680e-01
1.655905611316436932e-01
1.763660637175572532e-01
1.871228142262695571e-01
1.978590294814323858e-01
2.085729505398767336e-01
2.192628648151512538e-01
2.299270680362187902e-01
2.405638901365375615e-01
2.511716353436256877e-01
2.617486001207759427e-01
2.723028155893585933e-01
2.828397041712875648e-01
2.933581264843750924e-01
3.038569895943458166e-01
3.143352403336728274e-01
3.247918012001862476e-01
3.352256056960625230e-01
3.456356266205062311e-01
3.560207957421459568e-01
3.663800666839744924e-01
3.767156602024906431e-01
3.870283323274820719e-01
3.973206450242813270e-01
4.075918050542630122e-01
4.178409840371826167e-01
4.280674127493209191e-01
4.382702937312022984e-01
4.484488498338374818e-01
4.586023215445620971e-01
4.687298968454517989e-01
4.788308324095205126e-01
4.889043115858505151e-01
4.989495391960739323e-01
5.089657389775573693e-01
5.189520510650036389e-01
5.289076382175366131e-01
5.388316596113423840e-01
5.487232232530049325e-01
5.585813911357117023e-01
5.684052530889418531e-01
5.781938441023100061e-01
5.879525011395834166e-01
5.976885461405078148e-01
6.074013140019107748e-01
6.170971808600534958e-01
6.267792235779662269e-01
6.364468677691708098e-01
6.460995177954208524e-01
6.557365979118361388e-01
6.653575236307112117e-01
6.749617143152406573e-01
6.845485763509051580e-01
6.941175209246631672e-01
7.036679425113266939e-01
7.131992379384604064e-01
7.227107882715355647e-01
7.322019639609961272e-01
7.416721304816397131e-01
7.511206280427241699e-01
7.605501411126623923e-01
7.699623383853398950e-01
7.793569473588528584e-01
7.887336940797675666e-01
7.980923027728260566e-01
8.074324948302071814e-01
8.167539884482183377e-01
8.260564979202927871e-01
8.353458638885521426e-01
8.446228056665954220e-01
8.538868772492602677e-01
8.631376086380651014e-01
8.723745624230961893e-01
8.815973039475731854e-01
8.908054019588759198e-01
8.999984267561190743e-01
9.091759497665803380e-01
9.183375432012270689e-01
9.274827745262679279e-01
9.366111323634556118e-01
9.457221183671716824e-01
9.548154164004407640e-01
9.638905169356906111e-01
9.729469418582785689e-01
9.819842626219338344e-01
9.910021215962916408e-01
1.000000000000000000e+00
