2.124285846948623657e-01
2.710208110511302948e-02
1.091704051941633224e-02
7.487244438380002975e-03
6.055977195501327515e-03
5.298999603837728500e-03
4.628581926226615906e-03
4.143730271607637405e-03
3.762755542993545532e-03
3.342841751873493195e-03
3.120684763416647911e-03
2.907956484705209732e-03
2.679693978279829025e-03
2.531055826693773270e-03
2.396025694906711578e-03
2.319976687431335449e-03
2.191057894378900528e-03
2.088343258947134018e-03
2.019287785515189171e-03
1.936509157530963421e-03
1.833786722272634506e-03
1.782318577170372009e-03
1.679932582192122936e-03
1.650870079174637794e-03
1.569953048601746559e-03
1.520040328614413738e-03
1.512715825811028481e-03
1.427837531082332134e-03
1.397654064930975437e-03
1.358616165816783905e-03
1.309405895881354809e-03
1.286254497244954109e-03
1.287835533730685711e-03
1.228581648319959641e-03
1.231666305102407932e-03
1.163561944849789143e-03
1.171348383650183678e-03
1.090037869289517403e-03
1.093234634026885033e-03
1.062283641658723354e-03
1.074225176125764847e-03
1.028099213726818562e-03
1.020399387925863266e-03
9.756952058523893356e-04
9.631224675104022026e-04
9.501718450337648392e-04
9.947255020961165428e-04
8.726472151465713978e-04
8.709817775525152683e-04
8.623683243058621883e-04
8.657091530039906502e-04
8.195927366614341736e-04
8.282332564704120159e-04
8.182433084584772587e-04
8.260128670372068882e-04
7.936718757264316082e-04
7.555666379630565643e-04
7.750886143185198307e-04
7.224596338346600533e-04
7.190826581791043282e-04
7.139608496800065041e-04
6.936941645108163357e-04
6.926686619408428669e-04
6.853611557744443417e-04
6.690522423014044762e-04
6.433440721593797207e-04
6.289174780249595642e-04
5.990259232930839062e-04
5.778535851277410984e-04
5.752642755396664143e-04
5.766534013673663139e-04
5.553176160901784897e-04
5.624410114251077175e-04
5.376347689889371395e-04
