1.500000000000000000e+01
1.500000000000000000e+01
1.507830431792346637e+01
1.516792356925609120e+01
1.525786477486881942e+01
1.534813643629417257e+01
1.543874743697248242e+01
1.552970700190684283e+01
1.562102487614317958e+01
1.571271149114261334e+01
1.580477552344304470e+01
1.589720248785459056e+01
1.598996186270266229e+01
1.608299179549227986e+01
1.617621241457765180e+01
1.626962290765878549e+01
1.636317415125926900e+01
1.645685684297952278e+01
1.655068554947154524e+01
1.664467475342966196e+01
1.673883893222723884e+01
1.683319261024891134e+01
1.692775038458779235e+01
1.702252706931087189e+01
1.711753767885055311e+01
1.721279778471561528e+01
1.730831575315188786e+01
1.740402829672737894e+01
1.749989160611392336e+01
1.759592302398288766e+01
1.769212594206263134e+01
1.778851022720956365e+01
1.788508612929459218e+01
1.798186402319999289e+01
1.807885419057136289e+01
1.817606738823718615e+01
1.827351451600195631e+01
1.837118417573424622e+01
1.846906768245478148e+01
1.856714780064989512e+01
1.866542356458770513e+01
1.876390374388099502e+01
1.886259702566196950e+01
1.896151224938580526e+01
1.906065841413049000e+01
1.916004453339025204e+01
1.925968006084704243e+01
1.935957446083932254e+01
1.945973757758990175e+01
1.956017965543648174e+01
1.966091098408108806e+01
1.976194254815781548e+01
1.986328581218755218e+01
1.996495247118290450e+01
2.006695489290799372e+01
2.016930630908136735e+01
2.027202029664643135e+01
2.037511114376513532e+01
2.047854299753539919e+01
2.058224176058399735e+01
2.068619643792132479e+01
2.079035089165180139e+01
2.089466437682219180e+01
2.099913907251973555e+01
2.110378878939277314e+01
2.120861724409940763e+01
2.131363095630808502e+01
2.141883788924588217e+01
2.152424625307311601e+01
2.162986439937912664e+01
2.173570096620540326e+01
2.184176479221731881e+01
2.194806505695870058e+01
2.205461121936414770e+01
2.216141311838831029e+01
2.226845665820868803e+01
2.237571692727680883e+01
2.248319068323620584e+01
2.259088269923005043e+01
2.269879784702277448e+01
2.280695503614727215e+01
2.291534886621597522e+01
2.302396644044534568e+01
2.313274758608999804e+01
2.324168839568853429e+01
2.335079578185874283e+01
2.346007673284880823e+01
2.356953806899780446e+01
2.367918665648826249e+01
2.378902942406371679e+01
2.389907338095936140e+01
2.400934231142245423e+01
2.411983001541946692e+01
2.423054342339397493e+01
2.434149023944856438e+01
2.445267757835791400e+01
2.456411418204101693e+01
2.467580828565088424e+01
2.478776725494996569e+01
2.489999999999996305e+01
