1.500000000000000000e+01
1.509999999999999964e+01
1.519999999999999929e+01
1.529999999999999893e+01
1.539999999999999858e+01
1.549999999999999822e+01
1.559999999999999787e+01
1.569999999999999751e+01
1.579999999999999716e+01
1.589999999999999680e+01
1.599999999999999645e+01
1.609999999999999432e+01
1.619999999999999574e+01
1.629999999999999716e+01
1.639999999999999503e+01
1.649999999999999289e+01
1.659999999999999432e+01
1.669999999999999574e+01
1.679999999999999361e+01
1.689999999999999147e+01
1.699999999999999289e+01
1.709999999999999432e+01
1.719999999999999218e+01
1.729999999999999005e+01
1.739999999999999147e+01
1.749999999999999289e+01
1.759999999999999076e+01
1.769999999999998863e+01
1.779999999999999005e+01
1.789999999999999147e+01
1.799999999999998934e+01
1.809999999999998721e+01
1.819999999999998863e+01
1.829999999999999005e+01
1.839999999999998792e+01
1.849999999999998579e+01
1.859999999999998721e+01
1.869999999999998863e+01
1.879999999999998650e+01
1.889999999999998437e+01
1.899999999999998579e+01
1.909999999999998721e+01
1.919999999999998508e+01
1.929999999999998295e+01
1.939999999999998437e+01
1.949999999999998579e+01
1.959999999999998366e+01
1.969999999999998153e+01
1.979999999999998295e+01
1.989999999999998437e+01
1.999999999999998224e+01
2.009999999999998010e+01
2.019999999999998153e+01
2.029999999999998295e+01
2.039999999999998082e+01
2.049999999999997868e+01
2.059999999999998010e+01
2.069999999999998153e+01
2.079999999999997939e+01
2.089999999999997726e+01
2.099999999999997868e+01
2.109999999999998010e+01
2.119999999999997797e+01
2.129999999999997584e+01
2.139999999999997726e+01
2.149999999999997868e+01
2.159999999999997655e+01
2.169999999999997442e+01
2.179999999999997584e+01
2.189999999999997726e+01
2.199999999999997513e+01
2.209999999999997300e+01
2.219999999999997442e+01
2.229999999999997584e+01
2.239999999999997371e+01
2.249999999999997158e+01
2.259999999999997300e+01
2.269999999999997442e+01
2.279999999999997229e+01
2.289999999999997016e+01
2.299999999999997158e+01
2.309999999999997300e+01
2.319999999999997087e+01
2.329999999999996874e+01
2.339999999999997016e+01
2.349999999999997158e+01
2.359999999999996945e+01
2.369999999999996732e+01
2.379999999999996874e+01
2.389999999999997016e+01
2.399999999999996803e+01
2.409999999999996589e+01
2.419999999999996732e+01
2.429999999999996874e+01
2.439999999999996660e+01
2.449999999999996447e+01
2.459999999999996589e+01
2.469999999999996732e+01
2.479999999999996518e+01
2.489999999999996305e+01
