1.448140740394592285e-01
1.964607089757919312e-02
1.325147785246372223e-02
9.656582958996295929e-03
7.818236015737056732e-03
6.805741693824529648e-03
5.852237343788146973e-03
5.465338937938213348e-03
4.926905967295169830e-03
4.804519470781087875e-03
4.516680259257555008e-03
4.295490216463804245e-03
4.171775188297033310e-03
3.987262956798076630e-03
3.858490847051143646e-03
3.749578725546598434e-03
3.706202842295169830e-03
3.580034244805574417e-03
3.460158128291368484e-03
3.409133991226553917e-03
3.366793738678097725e-03
3.275276860222220421e-03
3.159917891025543213e-03
3.101143985986709595e-03
3.062180243432521820e-03
2.952840412035584450e-03
2.910114824771881104e-03
2.799008041620254517e-03
2.753410022705793381e-03
2.580963307991623878e-03
2.638045232743024826e-03
2.582365646958351135e-03
2.521060872822999954e-03
2.425326965749263763e-03
2.463705139234662056e-03
2.410014159977436066e-03
2.394722308963537216e-03
2.366613596677780151e-03
2.313177334144711494e-03
2.340295817703008652e-03
2.331089461222290993e-03
