1.326941698789596558e-01
2.125351317226886749e-02
1.528299134224653244e-02
1.269788760691881180e-02
1.108962390571832657e-02
9.716237895190715790e-03
8.639118634164333344e-03
8.082861080765724182e-03
7.335166446864604950e-03
6.030055228620767593e-03
4.740017000585794449e-03
4.250343888998031616e-03
3.922337200492620468e-03
3.664764808490872383e-03
3.467198461294174194e-03
3.300902666524052620e-03
3.205440472811460495e-03
3.014509333297610283e-03
2.993117785081267357e-03
2.850389573723077774e-03
2.730587497353553772e-03
2.737709553912281990e-03
2.595210215076804161e-03
2.507178345695137978e-03
2.427850849926471710e-03
2.396713010966777802e-03
2.356995129957795143e-03
2.311261137947440147e-03
2.237724838778376579e-03
2.201746916398406029e-03
2.161937765777111053e-03
2.149749081581830978e-03
2.083917614072561264e-03
2.082866616547107697e-03
2.000420354306697845e-03
2.030600560829043388e-03
1.987558789551258087e-03
1.922381692565977573e-03
1.927862991578876972e-03
1.907394966110587120e-03
1.853545545600354671e-03
1.830159802921116352e-03
1.844777609221637249e-03
1.841963035985827446e-03
1.821068115532398224e-03
1.766972476616501808e-03
1.752751297317445278e-03
1.717738574370741844e-03
1.701811561360955238e-03
1.714105252176523209e-03
1.730585005134344101e-03
1.686198054812848568e-03
1.666772295720875263e-03
1.652147388085722923e-03
1.646305317990481853e-03
1.641092705540359020e-03
1.606901292689144611e-03
1.604616525582969189e-03
1.546495361253619194e-03
1.556930714286863804e-03
1.567191677168011665e-03
1.533686183393001556e-03
1.561368466354906559e-03
1.528820255771279335e-03
1.538464333862066269e-03
1.498039462603628635e-03
1.472178380936384201e-03
1.558006857521831989e-03
1.504511456005275249e-03
1.492643030360341072e-03
1.475939527153968811e-03
1.455666264519095421e-03
1.453149481676518917e-03
1.453431672416627407e-03
1.418165978975594044e-03
