1.276506483554840088e-01
1.787936128675937653e-02
1.317705959081649780e-02
1.136217825114727020e-02
9.707587771117687225e-03
7.836661301553249359e-03
5.789406597614288330e-03
4.959205165505409241e-03
4.610329866409301758e-03
4.269381053745746613e-03
4.117634613066911697e-03
3.910235594958066940e-03
3.761041909456253052e-03
3.680193563923239708e-03
3.577291499823331833e-03
3.529610345140099525e-03
3.379083238542079926e-03
3.313518362119793892e-03
3.241373226046562195e-03
3.076717723160982132e-03
3.027032129466533661e-03
2.978786360472440720e-03
2.950918395072221756e-03
2.855434082448482513e-03
2.887766808271408081e-03
2.801556140184402466e-03
2.725963713601231575e-03
2.707682782784104347e-03
2.670627087354660034e-03
2.640005666762590408e-03
2.642283216118812561e-03
2.573038451373577118e-03
2.546066651120781898e-03
2.519342117011547089e-03
2.494946122169494629e-03
2.483052900061011314e-03
2.451254986226558685e-03
2.430182881653308868e-03
2.403278369456529617e-03
2.379409736022353172e-03
2.362825674936175346e-03
2.372347982600331306e-03
2.338715596124529839e-03
2.329989103600382805e-03
2.328348811715841293e-03
2.274511381983757019e-03
2.261240268126130104e-03
2.196590416133403778e-03
2.230229089036583900e-03
2.226678421720862389e-03
2.222067909315228462e-03
2.260612091049551964e-03
2.159531228244304657e-03
2.197408117353916168e-03
2.194639062508940697e-03
2.107923151925206184e-03
2.083358122035861015e-03
2.114274306222796440e-03
2.134261885657906532e-03
2.058719052001833916e-03
