1.252940744161605835e-01
2.038606442511081696e-02
1.388984452933073044e-02
9.845945052802562714e-03
7.990190759301185608e-03
7.157796993851661682e-03
6.504578515887260437e-03
6.251575890928506851e-03
5.600444972515106201e-03
4.930613096803426743e-03
4.385235719382762909e-03
4.209008533507585526e-03
3.973721526563167572e-03
3.808633424341678619e-03
3.681895090267062187e-03
3.529476700350642204e-03
3.367421450093388557e-03
3.313315100967884064e-03
3.116443753242492676e-03
3.105106763541698456e-03
2.924238331615924835e-03
2.851198194548487663e-03
2.781001152470707893e-03
2.754341578111052513e-03
2.659362740814685822e-03
2.588128205388784409e-03
2.529673278331756592e-03
2.533832564949989319e-03
2.484001684933900833e-03
2.497005742043256760e-03
2.454600529745221138e-03
2.416341798380017281e-03
2.369811758399009705e-03
2.366789150983095169e-03
2.326999325305223465e-03
2.320840721949934959e-03
2.281986642628908157e-03
2.283852547407150269e-03
2.224467927590012550e-03
2.211199840530753136e-03
2.174464287236332893e-03
2.135264454409480095e-03
2.144010271877050400e-03
2.167850732803344727e-03
2.104179468005895615e-03
2.119691809639334679e-03
2.065025269985198975e-03
2.084632404148578644e-03
2.051082672551274300e-03
1.994263846427202225e-03
2.015631180256605148e-03
