-5.697695274849409149e-14
-5.866927274145588934e-14
-6.039706349037068601e-14
-6.216074366413073340e-14
-6.396073256527337130e-14
-6.579745010981078804e-14
-6.767131680701108639e-14
-6.958275373973599489e-14
-7.153218254463857848e-14
-7.352002539271867548e-14
-7.554670496995565556e-14
-7.761264445832558641e-14
-7.971826751650814469e-14
-8.186399826140114372e-14
-8.405026124923723554e-14
-8.627748145720140711e-14
-8.854608426507910948e-14
-9.085649543687934548e-14
-9.320914110302343999e-14
-9.560444774240629248e-14
-9.804284216440357052e-14
-1.005247514915566925e-13
-1.030506031418329613e-13
-1.056208248114190443e-13
-1.082358444574189560e-13
-1.108960902807848753e-13
-1.136019907092727520e-13
-1.163539743807663043e-13
-1.191524701263851341e-13
-1.219979069537924809e-13
-1.248907140309463405e-13
-1.278313206696058726e-13
-1.337158341777007917e-13
-1.403796595671114188e-13
-1.471875570416806650e-13
-1.541408880525991794e-13
-1.612410136541026525e-13
-1.684892944594697602e-13
-1.758870905970772345e-13
-1.834357616666642290e-13
-1.911366666954806640e-13
-1.989911640947494505e-13
-2.070006116157614459e-13
-2.151663663067654044e-13
-2.234897844689986375e-13
-2.319722216135953667e-13
-2.406150324179931088e-13
-2.494195706828312097e-13
-2.583871892884376550e-13
-2.675192401520153297e-13
-2.768170741841280467e-13
-2.862820412457901484e-13
-2.959154901054472587e-13
-3.057187683961230866e-13
-3.156932225722283701e-13
-3.258401978669677391e-13
-3.361610382493254651e-13
-3.466570863814653065e-13
-3.573296835759386034e-13
-3.681801697531282486e-13
-3.792098833982697782e-13
-3.904201615193750204e-13
-4.018123396044402410e-13
-4.141898965831681315e-13
-4.351891189613096415e-13
-4.565706960228374028e-13
-4.783374353005199804e-13
-5.004921395622704636e-13
-5.230376067100389335e-13
-5.459766296784549186e-13
-5.693119963330594407e-13
-5.930464893683203705e-13
-6.171828862054415935e-13
-6.417239588902136763e-13
-6.666724739897320068e-13
-6.920311924901084188e-13
-7.178028696928088613e-13
-7.439902551113655808e-13
-7.705960923675524242e-13
-7.976231190877197809e-13
-8.250740667979306597e-13
-8.529516608201750679e-13
-8.812586201673036344e-13
-9.099976574377786713e-13
-9.391714787107911656e-13
-9.687827834406416698e-13
-9.988342643506281350e-13
-1.029328607327441341e-12
-1.060268491314482427e-12
-1.091656588205435888e-12
-1.129663165977218962e-12
-1.180412093157113462e-12
-1.231949246283894519e-12
-1.284279213034559015e-12
-1.337406564455131940e-12
-1.391335854718447063e-12
-1.446071620881746061e-12
-1.501618382642761612e-12
-1.557980642094846087e-12
-1.615162883481256294e-12
-1.673169572947998338e-12
-1.732005158295636879e-12
-1.791674068730965258e-12
-1.852180714616251021e-12
-1.913529487218179336e-12
-1.975724758456296384e-12
-2.038770880649282405e-12
-2.102672186261075714e-12
-2.167432987645516632e-12
-2.233057576790622663e-12
-2.299550225060979488e-12
-2.366915182939633552e-12
-2.435156679769699506e-12
-2.504278923493154899e-12
-2.607003878281476698e-12
-2.720907140191465503e-12
-2.836373155731537050e-12
-2.953408875535838342e-12
-3.072021196352239679e-12
-3.192216960372352692e-12
-3.314002954560430795e-12
-3.437385909978208859e-12
-3.562372501108692758e-12
-3.688969345176143797e-12
-3.817183001465263428e-12
-3.947019970636604763e-12
-4.078486694040716253e-12
-4.211589553029456070e-12
-4.346334868265893257e-12
-4.482728899031334743e-12
-4.620777842531212571e-12
-4.760487833198068710e-12
-4.901864941993812057e-12
-5.044915175709044758e-12
-5.189644476261514499e-12
-5.336058719992548925e-12
-5.484163716961854282e-12
-5.633965210240944844e-12
-5.785468875205449512e-12
-5.938680318824998258e-12
-6.093605078953350912e-12
-6.250248623615857803e-12
-6.408616350296852547e-12
-6.568713585225555267e-12
-6.730545582660952330e-12
-6.894117524176128409e-12
-7.059434517941330304e-12
-7.226501598006925752e-12
-7.395323723585199010e-12
-7.565905778332081017e-12
-7.738252569627869799e-12
-7.912368827858265928e-12
-8.088259205694878057e-12
-8.265928277375223596e-12
-8.445380537983487083e-12
-8.626620402730391611e-12
-8.809652206233899049e-12
-8.994480201799685685e-12
-9.181108560702563006e-12
-9.369541371467400860e-12
-9.559782639151724377e-12
-9.751836284627860138e-12
-9.945706143866856258e-12
-1.014139596722223768e-11
-1.037542329734558238e-11
-1.063599771388862724e-11
-1.089910818153474840e-11
-1.116475837144485815e-11
-1.143295180254325959e-11
-1.170369184031765468e-11
-1.197698169562515432e-11
-1.225282442350343884e-11
-1.253122292198928720e-11
-1.281217993094338115e-11
-1.309569803088184314e-11
-1.338177964181473094e-11
-1.367042702209321124e-11
-1.396164226726272862e-11
-1.425542730892597960e-11
-1.455178391361309375e-11
-1.485071368166132903e-11
-1.515221804610249935e-11
-1.545629827156171443e-11
-1.576295545316348189e-11
-1.607219051544965325e-11
-1.638400421130605371e-11
-1.669839712090066007e-11
-1.701536965063191169e-11
-1.733492203208939039e-11
-1.765705432102376405e-11
-1.798176639633075036e-11
-1.830905795904660614e-11
-1.863892853135415022e-11
-1.897137745560477109e-11
-1.930640389335079350e-11
-1.964400682439249865e-11
-1.998418504583843723e-11
-2.032693717117968836e-11
-2.067226162937892042e-11
-2.102015666397353670e-11
-2.137062033219423037e-11
-2.172365050409828666e-11
-2.207924486171899238e-11
-2.243740089823128208e-11
-2.279811591713248998e-11
-2.316138703144034992e-11
-2.353518072300861064e-11
-2.392965804703170087e-11
-2.432690290769346524e-11
-2.472691067135980359e-11
-2.512967648145966948e-11
-2.553519525774026197e-11
-2.594346169554499381e-11
-2.635447026511749979e-11
-2.676821521092836015e-11
-2.718469055102837783e-11
-2.760389007642616708e-11
-2.802580735049066734e-11
-2.845043570838203322e-11
-2.887776825650602174e-11
-2.930779787199711099e-11
-2.974051720222773974e-11
-3.017591866434594902e-11
-3.061399444483939650e-11
-3.105473649912814781e-11
-3.149813655118705562e-11
-3.194418609319506095e-11
-3.239287638521469296e-11
-3.284419845490099187e-11
-3.329814309724029434e-11
-3.375470087431807364e-11
-3.421386211511945339e-11
-3.467561691535814919e-11
-3.513995513733680436e-11
-3.560686640984098801e-11
-3.607634012806128499e-11
-3.654836545355039883e-11
-3.702293131420998144e-11
-3.750002640431239187e-11
-3.797963918455244675e-11
-3.846175788213474608e-11
-3.894637049089236711e-11
-3.943346477144021592e-11
-3.992285349214107219e-11
-4.041093473909049349e-11
-4.090143579921981747e-11
-4.139434374766371928e-11
-4.188964543121329762e-11
-4.238732746865633032e-11
-4.288737625114962194e-11
