8.797534346035843292e-03
1.744315699880415876e-02
2.594617755134136922e-02
3.431608973998414441e-02
4.256063210442148637e-02
5.068701818709250850e-02
5.870283229622008658e-02
6.661390210866734163e-02
7.442745630490417430e-02
8.214627379735568724e-02
8.977764445907147894e-02
9.732238908921439502e-02
1.047878888299264982e-01
1.121741436812077886e-01
1.194972524942691794e-01
1.267687571284168702e-01
1.339913234308194867e-01
1.411663943075476546e-01
1.482949052283722424e-01
1.553789626044758398e-01
1.624185664358584469e-01
1.694160090497606741e-01
1.763714057145258085e-01
1.832857784441435656e-01
1.901599648629899442e-01
1.969969830237683073e-01
2.038024577332291365e-01
2.105764202639590077e-01
2.173200628567850956e-01
2.240341827472913105e-01
2.307188532103002510e-01
2.373754790886845878e-01
2.440040603824443211e-01
2.506050961759411777e-01
2.571791993158633605e-01
2.637263698022109248e-01
2.702471658608117666e-01
2.767417304952302093e-01
2.832100964118455799e-01
2.896525935053189116e-01
2.960692217756502043e-01
3.024599850346021968e-01
3.088250133131986153e-01
3.151673239305742835e-01
3.214868430878027872e-01
3.277835012626766353e-01
3.340572984551958835e-01
3.403079922105505806e-01
3.465354481026923783e-01
3.527396661316212212e-01
3.589201710538106327e-01
3.650767727376056371e-01
3.712094711830062899e-01
3.773182145284875166e-01
3.834042073431236375e-01
3.894674496269147079e-01
3.955073273577678350e-01
4.015235503529644978e-01
4.075161186125047519e-01
4.134843271087963457e-01
4.194276452795893118e-01
4.253460731248837057e-01
4.312389559745874457e-01
4.371053114769141157e-01
4.429451396318637713e-01
4.487580930416260050e-01
4.545424235046357508e-01
4.602981310208930088e-01
4.660284587552712132e-01
4.717334552022546812e-01
4.774128450802148649e-01
4.830666283891517088e-01
4.886935079733244480e-01
4.942921971258968927e-01
4.998626958468690984e-01
5.054047909153309703e-01
5.109156404923993477e-01
5.163952445780741751e-01
5.218436031723554525e-01
5.272586012663978972e-01
5.326386359792422143e-01
5.380107922858813341e-01
5.433765595601590670e-01
5.487293931218847343e-01
5.540692791292592956e-01
5.593962175822828620e-01
5.647078642727739739e-01
5.699999681537307739e-01
5.752725292251532618e-01
5.805255474870414378e-01
5.857545700980335557e-01
5.909570933180817720e-01
5.961331171471861978e-01
6.012826415853467221e-01
6.063992936640603126e-01
6.114819521467584895e-01
6.165306170334412528e-01
6.215452883241084914e-01
6.265179696922476005e-01
6.314485380284222682e-01
6.363369933326324945e-01
6.411829713297739763e-01
6.459781479880601918e-01
6.507225233074910298e-01
6.554160972880664904e-01
6.600586908920518248e-01
6.646415784764442281e-01
6.691647600412438113e-01
6.736282355864504634e-01
6.780320051120641844e-01
6.823684129660763098e-01
6.866428176152375995e-01
6.908935505682366474e-01
6.951206118250734534e-01
6.993237106061870323e-01
7.035143153523182313e-01
7.076938052932485457e-01
7.118621804289779753e-01
7.160176326277609693e-01
7.201611917971647570e-01
7.243038774471411978e-01
7.284456895776902918e-01
7.325861362279153521e-01
7.367213032792983007e-01
7.408511907318390266e-01
7.449757985855376408e-01
7.490951268403941432e-01
7.532065944866597196e-01
7.573089357440496716e-01
7.614021506125641103e-01
7.654862390922029247e-01
7.695607052900995670e-01
7.736225374633406426e-01
7.776717356119261515e-01
7.817082997358562046e-01
7.857322298351306911e-01
7.897417594178416378e-01
7.937352653558136240e-01
7.977127476490466496e-01
8.016742062975408256e-01
8.056196413012960411e-01
8.095462337691671229e-01
8.134533158246979312e-01
8.173408874678884661e-01
8.212089486987387277e-01
8.250574940284653991e-01
8.288827285268606238e-01
8.326846521939242907e-01
8.364632650296565108e-01
8.402185670340571733e-01
8.439501311441206521e-01
8.476540368725494767e-01
8.513302842193436470e-01
8.549788731845030521e-01
8.585998037680278028e-01
8.621925891273033438e-01
8.657526913083753994e-01
8.692801103112439698e-01
8.727748461359089438e-01
8.762368987823704325e-01
8.796662682506284359e-01
8.830573031183482913e-01
8.864099775670483128e-01
8.897242915967285004e-01
8.930002452073888541e-01
8.962378383990294850e-01
8.994321538789797899e-01
9.025818996122904059e-01
9.056870755989613331e-01
9.087480631301710909e-01
9.117669386540092624e-01
9.147404435087914676e-01
9.176651070438364144e-01
9.205409292591442139e-01
9.233679101547148660e-01
9.261460497305483708e-01
9.288749225068183568e-01
9.315489062372867002e-01
9.341680009219532899e-01
9.367322065608182369e-01
9.392415231538814302e-01
9.416959507011428698e-01
9.440930887147406247e-01
9.464309581012299022e-01
9.487095588606107022e-01
9.509288909928830247e-01
9.530889544980467587e-01
9.551897493761020153e-01
9.572297591451724985e-01
9.592088435569221527e-01
9.611270026113509779e-01
9.629842363084589740e-01
9.647805446482462521e-01
9.665162378543593613e-01
9.681928321186000774e-01
9.698103274409684005e-01
9.713687238214643305e-01
9.728680212600879784e-01
9.743082197568392333e-01
9.756909414440860795e-01
9.770198074378951825e-01
9.782948177382665422e-01
9.795159723452000478e-01
9.806832712586958101e-01
9.817967144787538292e-01
9.828589169192047947e-01
9.838751491767839807e-01
9.848454112514914982e-01
9.857697031433272361e-01
9.866480248522913055e-01
9.874803763783835953e-01
9.882688920240733088e-01
9.890205502579347829e-01
9.897353510799680176e-01
9.904132944901730129e-01
9.910543804885497687e-01
9.916586090750983962e-01
9.922261124732304483e-01
9.927657036993924322e-01
9.932773827535844591e-01
9.937611496358064178e-01
9.942170043460584195e-01
9.946449468843404640e-01
9.950449772506524404e-01
9.954223410555831375e-01
9.957796116658357288e-01
9.961167890814103254e-01
9.964338733023068162e-01
9.967308643285252012e-01
9.970077621600654805e-01
9.972658139857081272e-01
9.975100079218274240e-01
9.977403439684233710e-01
9.979568221254958571e-01
9.981594423930449933e-01
9.983482047710707796e-01
9.985231092595732161e-01
9.986869377419415050e-01
9.988415474654983583e-01
9.989869384302437760e-01
9.991231106361777581e-01
9.992500640833001935e-01
9.993677987716111932e-01
9.994763147011107574e-01
9.995784527252824514e-01
9.996746478930447211e-01
9.997649002043975663e-01
9.998492096593409872e-01
9.999275762578749838e-01
9.999999999999996669e-01
