1.623315960168838501e-01
2.430233359336853027e-02
1.854228228330612183e-02
1.651168242096900940e-02
1.500798016786575317e-02
1.390024367719888687e-02
1.237820088863372803e-02
1.132827252149581909e-02
1.017426792532205582e-02
7.571741007268428802e-03
5.592988338321447372e-03
4.763598553836345673e-03
4.028217401355504990e-03
3.981245681643486023e-03
3.659323090687394142e-03
3.553419141098856926e-03
3.214102704077959061e-03
3.170025767758488655e-03
3.207678673788905144e-03
2.946297870948910713e-03
2.916415920481085777e-03
2.799146808683872223e-03
2.746767364442348480e-03
2.830313285812735558e-03
2.546504139900207520e-03
2.535729436203837395e-03
2.372435061261057854e-03
2.587756142020225525e-03
2.417878014966845512e-03
2.205641008913516998e-03
2.183076227083802223e-03
2.048808848485350609e-03
2.175485016778111458e-03
2.149564912542700768e-03
2.040232066065073013e-03
1.823001774027943611e-03
2.345251850783824921e-03
1.855787471868097782e-03
2.297594211995601654e-03
2.266415394842624664e-03
1.781475264579057693e-03
1.911432715132832527e-03
1.722977845929563046e-03
1.745060202665627003e-03
1.623705145902931690e-03
1.740401727147400379e-03
1.653650309890508652e-03
1.695408136583864689e-03
1.924582174979150295e-03
1.517303870059549809e-03
1.477226032875478268e-03
1.495331292971968651e-03
1.460660132579505444e-03
1.459595747292041779e-03
1.731426571495831013e-03
1.354284700937569141e-03
1.743993954733014107e-03
1.343385665677487850e-03
1.464299624785780907e-03
1.435568090528249741e-03
1.272335881367325783e-03
1.336147077381610870e-03
1.334576867520809174e-03
1.309945597313344479e-03
1.286766957491636276e-03
1.249796943739056587e-03
1.271167420782148838e-03
1.381495618261396885e-03
1.192746218293905258e-03
1.239895820617675781e-03
1.176082994788885117e-03
1.165296882390975952e-03
1.221444341354072094e-03
1.174098462797701359e-03
1.174362027086317539e-03
1.140316948294639587e-03
1.128832576796412468e-03
1.106568146497011185e-03
1.093787606805562973e-03
1.062282128259539604e-03
1.122812158428132534e-03
1.068721874617040157e-03
9.850759524852037430e-04
1.113878912292420864e-03
1.018408220261335373e-03
1.022655982524156570e-03
9.392275242134928703e-04
9.663428063504397869e-04
9.900274453684687614e-04
9.976044530048966408e-04
9.494530386291444302e-04
8.660531020723283291e-04
9.060945012606680393e-04
9.324027341790497303e-04
8.895904757082462311e-04
8.717161836102604866e-04
9.448833297938108444e-04
