1.000000000000000000e+01
1.000000000000000000e+01
1.000000000000000000e+01
1.003759889316945397e+01
1.008405088880151190e+01
1.013101444092769476e+01
1.017824547173861838e+01
1.022588166039298230e+01
1.027386381559979078e+01
1.032217816941733446e+01
1.037088996055751089e+01
1.041988675785825436e+01
1.046930681021820853e+01
1.051898518520458126e+01
1.056908694907227186e+01
1.061944277570122530e+01
1.067020789789379087e+01
1.072123476997970393e+01
1.077263345687896745e+01
1.082432710166377277e+01
1.087635662899688427e+01
1.092871142940581208e+01
1.098133715596336835e+01
1.103435283206564499e+01
1.108758278819938958e+01
1.114124596401358147e+01
1.119504094621855117e+01
1.124935987429677908e+01
1.130376418707704289e+01
1.135860516185356239e+01
1.141354156073764514e+01
1.146877172917030130e+01
1.152416452855409190e+01
1.157976892301554805e+01
1.163560747136899209e+01
1.169157993946061680e+01
1.174786299668135037e+01
1.180422741185972946e+01
1.186091899471696820e+01
1.191772178448534980e+01
1.197477136217784022e+01
1.203201266842607886e+01
1.208940598307862224e+01
1.214708220336356881e+01
1.220485107771633082e+01
1.226293392071704602e+01
1.232113962715885869e+01
1.237956202091323199e+01
1.243819091032020197e+01
1.249693090723972055e+01
1.255592893942204036e+01
1.261501070268090707e+01
1.267429748259457511e+01
1.273373525994616706e+01
1.279328859780099847e+01
1.285307428729116275e+01
1.291294627238651849e+01
1.297302498949384386e+01
1.303324317361015083e+01
1.309357500433642407e+01
1.315413490721430101e+01
1.321478342682569895e+01
1.327562333714681131e+01
1.333661262936707814e+01
1.339770178740963935e+01
1.345903278979862350e+01
1.352045564912100417e+01
1.358204420703535575e+01
1.364380899686517346e+01
1.370566917896167070e+01
1.376775695056890214e+01
1.382996455891466780e+01
1.389230163410088004e+01
1.395485898682970749e+01
1.401751798962136419e+01
1.408035968934169979e+01
1.414337606022611737e+01
1.420649502212705428e+01
1.426981680655724993e+01
1.433325810591525062e+01
1.439680826150635085e+01
1.446057755757957608e+01
1.452444720105802034e+01
1.458846049530056810e+01
1.465266773999836936e+01
1.471698076478024220e+01
1.478147041073816581e+01
1.484613219982609955e+01
1.491090507159749734e+01
1.497588462112604013e+01
1.504102282733940754e+01
1.510627904103519548e+01
1.517176512832259583e+01
1.523739729419630784e+01
1.530315192012209735e+01
1.536914056617126612e+01
1.543526102424258006e+01
1.550150306527477007e+01
1.556799554138091857e+01
1.563462361833457770e+01
1.570138296880829998e+01
1.576840038242948694e+01
1.583556235687275837e+01
1.590286525742361867e+01
1.597043801966886001e+01
1.603817063867995785e+01
1.610605371138699837e+01
1.617420480753902723e+01
1.624254743483338714e+01
1.631105670444431510e+01
1.637982695162400759e+01
1.644882187587275624e+01
1.651799869063807691e+01
1.658742875316148613e+01
1.665714157273068352e+01
1.672703612444439969e+01
1.679712049733173629e+01
1.686750327283819573e+01
1.693806970772427078e+01
1.700882243762934110e+01
1.707985565622970370e+01
1.715113218913269932e+01
1.722261835493263504e+01
1.729435057916557028e+01
1.736641722637254048e+01
1.743870984267035951e+01
1.751123793094964398e+01
1.758411352301333608e+01
1.765731407521590768e+01
1.773078073055454240e+01
1.780451985830922013e+01
1.787868542932662308e+01
1.795319446460965906e+01
1.802788284852478995e+01
1.810264301727292491e+01
1.817748905609164467e+01
1.825246154888397498e+01
1.832755508430204117e+01
1.840277060345112048e+01
1.847816220582168611e+01
1.855370798488458206e+01
1.862942489420495917e+01
1.870533244357819314e+01
1.878150158040991968e+01
1.885788526967352041e+01
1.893449535250127624e+01
1.901135624778746802e+01
1.908855079526304266e+01
1.916608193538144889e+01
1.924389642533298073e+01
1.932202606218931606e+01
1.940051959318677177e+01
1.947953462578632511e+01
1.955894388408291107e+01
1.963875186300850828e+01
1.971899722594936222e+01
1.979975977556212641e+01
1.988121008346617558e+01
1.996320226717336865e+01
2.004575389191084867e+01
2.012893135943855327e+01
2.021281933558192989e+01
2.029746829327674007e+01
2.038300605475087934e+01
2.046932419977013495e+01
2.055655629709120547e+01
2.064477132215917266e+01
2.073400871959697866e+01
2.082431007317807925e+01
2.091574700417197263e+01
2.100848096421503186e+01
2.110245064410584348e+01
2.119692997982122051e+01
2.129192121101488056e+01
2.138742523288598107e+01
2.148322269898993753e+01
2.157926789946742474e+01
2.167555865530741244e+01
2.177212830706853097e+01
2.186897136648541107e+01
2.196590831886819828e+01
2.206286506951246551e+01
2.215984874122915471e+01
2.225691723644973763e+01
2.235410607527568061e+01
2.245141571983523932e+01
2.254884663462585692e+01
2.264642841408699425e+01
2.274420611842948503e+01
2.284219687677643051e+01
2.294040211741253188e+01
2.303882800650012186e+01
2.313751095550755466e+01
2.323649769877523497e+01
2.333579108883619213e+01
2.343539401404812139e+01
2.353532495553804083e+01
2.363563032680545106e+01
2.373634101748761438e+01
2.383746194599582324e+01
2.393899811064217431e+01
2.404098399246981543e+01
2.414347864023241641e+01
2.424650019389799027e+01
2.435005662657048475e+01
2.445415615027120637e+01
2.455886548707715633e+01
2.466424570538111283e+01
2.477030922148990655e+01
2.487706876000453349e+01
2.498454703842112679e+01
2.509285946622264163e+01
2.520206486045245242e+01
2.531222927510672704e+01
2.542332305306863915e+01
2.553542668354982581e+01
2.564868115209161203e+01
2.576311874701046634e+01
2.587877297588194736e+01
2.599567862364071402e+01
2.611422247925143481e+01
2.623440299337816839e+01
2.635622709239582662e+01
2.647975319804060490e+01
2.660527787667294319e+01
2.673325280832600725e+01
2.686349083325478659e+01
2.699601333981214779e+01
2.713153207480333862e+01
2.727001850826804130e+01
2.741176575016578099e+01
2.755734212516431825e+01
2.770679629469968575e+01
2.786142139856974609e+01
2.802108487542330195e+01
2.818673466811956629e+01
2.835969481717247831e+01
2.854066259721894738e+01
2.873105591974081108e+01
2.893287078156212289e+01
2.914849865465690826e+01
2.938083339650623671e+01
2.963460463320833682e+01
2.991600409783492154e+01
3.023458466079176077e+01
3.060624509569963791e+01
3.105978712700355615e+01
3.165449525269148978e+01
3.256059838758407210e+01
3.489999999999991331e+01
