1.000000000000000000e+01
1.009999999999999964e+01
1.019999999999999929e+01
1.029999999999999893e+01
1.039999999999999858e+01
1.049999999999999822e+01
1.059999999999999787e+01
1.069999999999999751e+01
1.079999999999999716e+01
1.089999999999999680e+01
1.099999999999999645e+01
1.109999999999999609e+01
1.119999999999999574e+01
1.129999999999999538e+01
1.139999999999999503e+01
1.149999999999999467e+01
1.159999999999999432e+01
1.169999999999999396e+01
1.179999999999999361e+01
1.189999999999999325e+01
1.199999999999999289e+01
1.209999999999999254e+01
1.219999999999999218e+01
1.229999999999999183e+01
1.239999999999999147e+01
1.249999999999999112e+01
1.259999999999999076e+01
1.269999999999999041e+01
1.279999999999999005e+01
1.289999999999998970e+01
1.299999999999998934e+01
1.309999999999998899e+01
1.319999999999998863e+01
1.329999999999998828e+01
1.339999999999998792e+01
1.349999999999998757e+01
1.359999999999998721e+01
1.369999999999998685e+01
1.379999999999998650e+01
1.389999999999998614e+01
1.399999999999998579e+01
1.409999999999998543e+01
1.419999999999998508e+01
1.429999999999998472e+01
1.439999999999998437e+01
1.449999999999998401e+01
1.459999999999998366e+01
1.469999999999998330e+01
1.479999999999998295e+01
1.489999999999998259e+01
1.499999999999998224e+01
1.509999999999998188e+01
1.519999999999998153e+01
1.529999999999998117e+01
1.539999999999998082e+01
1.549999999999998046e+01
1.559999999999998010e+01
1.569999999999997975e+01
1.579999999999997939e+01
1.589999999999997904e+01
1.599999999999997868e+01
1.609999999999998010e+01
1.619999999999997797e+01
1.629999999999997584e+01
1.639999999999997726e+01
1.649999999999997868e+01
1.659999999999997655e+01
1.669999999999997442e+01
1.679999999999997584e+01
1.689999999999997726e+01
1.699999999999997513e+01
1.709999999999997300e+01
1.719999999999997442e+01
1.729999999999997584e+01
1.739999999999997371e+01
1.749999999999997158e+01
1.759999999999997300e+01
1.769999999999997442e+01
1.779999999999997229e+01
1.789999999999997016e+01
1.799999999999997158e+01
1.809999999999997300e+01
1.819999999999997087e+01
1.829999999999996874e+01
1.839999999999997016e+01
1.849999999999997158e+01
1.859999999999996945e+01
1.869999999999996732e+01
1.879999999999996874e+01
1.889999999999997016e+01
1.899999999999996803e+01
1.909999999999996589e+01
1.919999999999996732e+01
1.929999999999996874e+01
1.939999999999996660e+01
1.949999999999996447e+01
1.959999999999996589e+01
1.969999999999996732e+01
1.979999999999996518e+01
1.989999999999996305e+01
1.999999999999996447e+01
2.009999999999996589e+01
2.019999999999996376e+01
2.029999999999996163e+01
2.039999999999996305e+01
2.049999999999996447e+01
2.059999999999996234e+01
2.069999999999996021e+01
2.079999999999996163e+01
2.089999999999996305e+01
2.099999999999996092e+01
2.109999999999995879e+01
2.119999999999996021e+01
2.129999999999996163e+01
2.139999999999995950e+01
2.149999999999995737e+01
2.159999999999995879e+01
2.169999999999996021e+01
2.179999999999995808e+01
2.189999999999995595e+01
2.199999999999995737e+01
2.209999999999995879e+01
2.219999999999995666e+01
2.229999999999995453e+01
2.239999999999995595e+01
2.249999999999995737e+01
2.259999999999995524e+01
2.269999999999995310e+01
2.279999999999995453e+01
2.289999999999995595e+01
2.299999999999995381e+01
2.309999999999995168e+01
2.319999999999995310e+01
2.329999999999995453e+01
2.339999999999995239e+01
2.349999999999995026e+01
2.359999999999995168e+01
2.369999999999995310e+01
2.379999999999995097e+01
2.389999999999994884e+01
2.399999999999995026e+01
2.409999999999995168e+01
2.419999999999994955e+01
2.429999999999994742e+01
2.439999999999994884e+01
2.449999999999995026e+01
2.459999999999994813e+01
2.469999999999994600e+01
2.479999999999994742e+01
2.489999999999994884e+01
2.499999999999994671e+01
2.509999999999994458e+01
2.519999999999994600e+01
2.529999999999994742e+01
2.539999999999994529e+01
2.549999999999994316e+01
2.559999999999994458e+01
2.569999999999994600e+01
2.579999999999994387e+01
2.589999999999994174e+01
2.599999999999994316e+01
2.609999999999994458e+01
2.619999999999994245e+01
2.629999999999994031e+01
2.639999999999994174e+01
2.649999999999994316e+01
2.659999999999994102e+01
2.669999999999993889e+01
2.679999999999994031e+01
2.689999999999994174e+01
2.699999999999993960e+01
2.709999999999993747e+01
2.719999999999993889e+01
2.729999999999994031e+01
2.739999999999993818e+01
2.749999999999993605e+01
2.759999999999993747e+01
2.769999999999993889e+01
2.779999999999993676e+01
2.789999999999993463e+01
2.799999999999993605e+01
2.809999999999993747e+01
2.819999999999993534e+01
2.829999999999993321e+01
2.839999999999993463e+01
2.849999999999993605e+01
2.859999999999993392e+01
2.869999999999993179e+01
2.879999999999993321e+01
2.889999999999993463e+01
2.899999999999993250e+01
2.909999999999993037e+01
2.919999999999993179e+01
2.929999999999993321e+01
2.939999999999993108e+01
2.949999999999992895e+01
2.959999999999993037e+01
2.969999999999993179e+01
2.979999999999992966e+01
2.989999999999992752e+01
2.999999999999992895e+01
3.009999999999993037e+01
3.019999999999992824e+01
3.029999999999992610e+01
3.039999999999992752e+01
3.049999999999992895e+01
3.059999999999992681e+01
3.069999999999992468e+01
3.079999999999992610e+01
3.089999999999992752e+01
3.099999999999992539e+01
3.109999999999992326e+01
3.119999999999992468e+01
3.129999999999992610e+01
3.139999999999992397e+01
3.149999999999992184e+01
3.159999999999992326e+01
3.169999999999992468e+01
3.179999999999992255e+01
3.189999999999992042e+01
3.199999999999992184e+01
3.209999999999992326e+01
3.219999999999991758e+01
3.229999999999991900e+01
3.239999999999992042e+01
3.249999999999992184e+01
3.259999999999992326e+01
3.269999999999991758e+01
3.279999999999991900e+01
3.289999999999992042e+01
3.299999999999991473e+01
3.309999999999991616e+01
3.319999999999991758e+01
3.329999999999991900e+01
3.339999999999992042e+01
3.349999999999991473e+01
3.359999999999991616e+01
3.369999999999991758e+01
3.379999999999991189e+01
3.389999999999991331e+01
3.399999999999991473e+01
3.409999999999991616e+01
3.419999999999991758e+01
3.429999999999991189e+01
3.439999999999991331e+01
3.449999999999991473e+01
3.459999999999990905e+01
3.469999999999991047e+01
3.479999999999991189e+01
3.489999999999991331e+01
