1.149992942810058594e-01
1.886838860809803009e-02
1.445372309535741806e-02
1.250026375055313110e-02
1.111808884888887405e-02
7.727248128503561020e-03
5.264195613563060760e-03
4.311870783567428589e-03
3.834161907434463501e-03
3.464358625933527946e-03
3.205227199941873550e-03
3.131151665002107620e-03
2.992390654981136322e-03
2.838524989783763885e-03
2.766346558928489685e-03
2.661673352122306824e-03
2.654823008924722672e-03
2.605562796816229820e-03
2.524756826460361481e-03
2.494885120540857315e-03
2.426155842840671539e-03
2.406213432550430298e-03
2.351491479203104973e-03
2.376398071646690369e-03
2.250584075227379799e-03
2.257914980873465538e-03
2.213920699432492256e-03
2.169678453356027603e-03
2.141766250133514404e-03
2.127218060195446014e-03
2.049559261649847031e-03
2.046027686446905136e-03
1.986408606171607971e-03
1.908836304210126400e-03
1.903711585327982903e-03
1.884584664367139339e-03
1.892241649329662323e-03
1.845392514951527119e-03
1.825391314923763275e-03
1.794713083654642105e-03
1.778027391992509365e-03
1.748758018948137760e-03
1.693466678261756897e-03
1.728285453282296658e-03
1.719981664791703224e-03
1.679260167293250561e-03
1.673060585744678974e-03
1.644440577365458012e-03
1.608996069990098476e-03
1.632400089874863625e-03
1.602150034159421921e-03
1.610694453120231628e-03
1.549798180349171162e-03
1.533356728032231331e-03
1.536308205686509609e-03
1.530039589852094650e-03
1.509621506556868553e-03
1.492318348027765751e-03
1.454399898648262024e-03
1.463294844143092632e-03
1.455169753171503544e-03
1.467868452891707420e-03
1.427712151780724525e-03
1.382346847094595432e-03
1.402801950462162495e-03
1.392417587339878082e-03
1.378049026243388653e-03
1.361339236609637737e-03
1.367709366604685783e-03
1.342798466794192791e-03
1.343762036412954330e-03
1.307831727899610996e-03
1.308621373027563095e-03
1.278919284231960773e-03
1.282712444663047791e-03
1.270616310648620129e-03
1.269753905944526196e-03
1.260200398974120617e-03
1.222411170601844788e-03
1.224183943122625351e-03
1.214733696542680264e-03
1.195526914671063423e-03
1.191671239212155342e-03
1.195323187857866287e-03
1.185126835480332375e-03
1.169256167486310005e-03
1.145523274317383766e-03
1.148712937720119953e-03
1.135900267399847507e-03
1.160521176643669605e-03
1.130703953094780445e-03
1.112168305553495884e-03
1.121004694141447544e-03
1.114975311793386936e-03
1.113308942876756191e-03
1.127251307480037212e-03
1.092759193852543831e-03
1.062319497577846050e-03
1.082148286513984203e-03
1.077730790711939335e-03
1.054228167049586773e-03
1.081196824088692665e-03
1.052361214533448219e-03
1.026764046400785446e-03
1.057302812114357948e-03
1.032313099130988121e-03
1.059275935404002666e-03
1.052917912602424622e-03
1.033513923175632954e-03
1.043943455442786217e-03
1.005128375254571438e-03
9.960748720914125443e-04
1.023867516778409481e-03
1.056155771948397160e-03
1.007909420877695084e-03
9.909637738019227982e-04
1.012378372251987457e-03
1.011090469546616077e-03
9.783849818632006645e-04
9.744707494974136353e-04
1.010444248095154762e-03
9.725478012114763260e-04
9.744131239131093025e-04
9.611792629584670067e-04
9.926339844241738319e-04
9.702034294605255127e-04
9.631910943426191807e-04
9.627146646380424500e-04
9.755949140526354313e-04
9.554730495437979698e-04
9.966733632609248161e-04
9.699425427243113518e-04
9.465601760894060135e-04
9.444163297303020954e-04
9.636468021199107170e-04
9.542781626805663109e-04
9.445474715903401375e-04
9.379727998748421669e-04
9.525992791168391705e-04
9.335916838608682156e-04
9.425820317119359970e-04
9.594052680768072605e-04
9.304068516939878464e-04
9.185036178678274155e-04
9.190910495817661285e-04
9.348952444270253181e-04
9.173448779620230198e-04
9.018852724693715572e-04
9.051350061781704426e-04
9.048608480952680111e-04
8.962316205725073814e-04
8.937243255786597729e-04
8.995757671073079109e-04
8.906855364330112934e-04
8.856675121933221817e-04
8.823470561765134335e-04
