1.240656822919845581e-01
1.784001104533672333e-02
1.268612220883369446e-02
8.707219734787940979e-03
6.672461051493883133e-03
5.527795758098363876e-03
4.996259231120347977e-03
4.611699376255273819e-03
4.335284233093261719e-03
4.018028266727924347e-03
3.791990457102656364e-03
3.613733686506748199e-03
3.458254504948854446e-03
3.354381769895553589e-03
3.184454049915075302e-03
3.159041749313473701e-03
3.030716441571712494e-03
2.980512334033846855e-03
2.952141687273979187e-03
2.879905281588435173e-03
2.781246090307831764e-03
2.779475646093487740e-03
2.679337980225682259e-03
2.615786390379071236e-03
2.617943799123167992e-03
2.571465214714407921e-03
2.535658888518810272e-03
2.495151711627840996e-03
2.441036514937877655e-03
2.398148411884903908e-03
2.361301798373460770e-03
2.307498361915349960e-03
2.310117473825812340e-03
2.256512874737381935e-03
2.241177018731832504e-03
2.205951139330863953e-03
2.128781052306294441e-03
2.128320746123790741e-03
2.108301734551787376e-03
2.057217294350266457e-03
2.019752981141209602e-03
2.062724903225898743e-03
2.018416766077280045e-03
1.989378593862056732e-03
1.960016787052154541e-03
1.944540650583803654e-03
1.955302665010094643e-03
1.924117328599095345e-03
1.906063174828886986e-03
1.869779895059764385e-03
1.867090817540884018e-03
1.842384925112128258e-03
1.820721197873353958e-03
1.856327522546052933e-03
1.788158901035785675e-03
1.762785017490386963e-03
1.803116174414753914e-03
1.761159626767039299e-03
1.731726457364857197e-03
1.698007108643651009e-03
1.686608185991644859e-03
1.677285647019743919e-03
1.672865590080618858e-03
1.641838229261338711e-03
1.651256228797137737e-03
1.622860785573720932e-03
1.603138400241732597e-03
1.643569441512227058e-03
1.610748120583593845e-03
1.626916695386171341e-03
1.583567587658762932e-03
1.620995113626122475e-03
1.597118447534739971e-03
1.555597293190658092e-03
1.546129351481795311e-03
1.612039748579263687e-03
1.546853454783558846e-03
1.584944548085331917e-03
1.552628003992140293e-03
1.543647958897054195e-03
1.522917649708688259e-03
1.560025382786989212e-03
1.492460258305072784e-03
1.507973414845764637e-03
1.494845375418663025e-03
1.526593230664730072e-03
1.429521245881915092e-03
1.503423205576837063e-03
1.501347171142697334e-03
1.434210571460425854e-03
1.470691640861332417e-03
1.469505135901272297e-03
1.457651727832853794e-03
1.423104433342814445e-03
1.421099063009023666e-03
1.453232252970337868e-03
1.407361007295548916e-03
