1.159104406833648682e-01
1.723361015319824219e-02
1.210665330290794373e-02
7.939124479889869690e-03
5.992337595671415329e-03
4.973893053829669952e-03
4.320788197219371796e-03
4.020030610263347626e-03
3.763465676456689835e-03
3.523773979395627975e-03
3.443391527980566025e-03
3.292424837127327919e-03
3.145626746118068695e-03
3.037182381376624107e-03
2.973291324451565742e-03
2.875789068639278412e-03
2.836887259036302567e-03
2.815019804984331131e-03
2.746640238910913467e-03
2.728210994973778725e-03
2.613937947899103165e-03
2.631671261042356491e-03
2.532832557335495949e-03
2.477918751537799835e-03
2.505524316802620888e-03
2.420703414827585220e-03
2.453798661008477211e-03
2.347436733543872833e-03
2.357166726142168045e-03
2.312919124960899353e-03
2.301908330991864204e-03
2.263447269797325134e-03
2.178256865590810776e-03
2.228358760476112366e-03
2.213606843724846840e-03
2.149944892153143883e-03
2.097757067531347275e-03
2.084178850054740906e-03
2.081611892208456993e-03
2.042489591985940933e-03
1.987642142921686172e-03
1.960278255864977837e-03
1.950184116140007973e-03
1.941599301062524319e-03
1.898531336337327957e-03
1.887474325485527515e-03
1.859845127910375595e-03
1.850254135206341743e-03
1.845988095737993717e-03
1.815180643461644650e-03
1.797538599930703640e-03
1.777473138645291328e-03
1.786253880709409714e-03
1.797717646695673466e-03
1.762614818289875984e-03
1.776148797944188118e-03
1.764633459970355034e-03
1.748992712236940861e-03
