1.260505765676498413e-01
1.786364801228046417e-02
1.257623825222253799e-02
1.075053401291370392e-02
9.442762471735477448e-03
7.316037546843290329e-03
5.880865268409252167e-03
5.071367602795362473e-03
4.536427091807126999e-03
4.329178947955369949e-03
3.966147080063819885e-03
3.840236924588680267e-03
3.764593275263905525e-03
3.520169528201222420e-03
3.437606152147054672e-03
3.354857908561825752e-03
3.163912566378712654e-03
3.153906203806400299e-03
3.015297930687665939e-03
2.949660643935203552e-03
2.898671664297580719e-03
2.813699655234813690e-03
2.740645781159400940e-03
2.678561955690383911e-03
2.649903064593672752e-03
2.544552786275744438e-03
2.523137023672461510e-03
2.492060884833335876e-03
2.427208004519343376e-03
2.412606496363878250e-03
2.404342172667384148e-03
2.366486238315701485e-03
2.301710192114114761e-03
2.228918485343456268e-03
2.229192992672324181e-03
2.145426580682396889e-03
2.128242049366235733e-03
2.053129719570279121e-03
2.062298357486724854e-03
2.095989650115370750e-03
2.007033210247755051e-03
1.993545563891530037e-03
1.929133199155330658e-03
1.913484302349388599e-03
1.897101639769971371e-03
1.880037714727222919e-03
1.849298132583498955e-03
1.854080357588827610e-03
1.819691387936472893e-03
1.826537540182471275e-03
1.807342050597071648e-03
1.748231705278158188e-03
1.721458625979721546e-03
1.746325986459851265e-03
1.719969674013555050e-03
1.695847255177795887e-03
1.705620787106454372e-03
1.674100290983915329e-03
1.708237803541123867e-03
1.673739869147539139e-03
1.652221661061048508e-03
1.612669904716312885e-03
1.589818624779582024e-03
1.615215325728058815e-03
1.626167329959571362e-03
1.603164942935109138e-03
1.627616467885673046e-03
1.602562959305942059e-03
1.579315401613712311e-03
1.528242952190339565e-03
1.533988979645073414e-03
1.547792693600058556e-03
1.508834073320031166e-03
1.573974033817648888e-03
1.503453240729868412e-03
1.501437975093722343e-03
1.540020806714892387e-03
1.494477852247655392e-03
1.439416781067848206e-03
1.483623054809868336e-03
1.448070863261818886e-03
1.483265659771859646e-03
1.472068834118545055e-03
1.444566994905471802e-03
1.428274554200470448e-03
1.426560687832534313e-03
1.458451501093804836e-03
1.403435366228222847e-03
1.421852502971887589e-03
1.439201296307146549e-03
1.383414142765104771e-03
