6.000000000000000000e+00
6.099999999999999645e+00
6.199999999999999289e+00
6.299999999999998934e+00
6.399999999999998579e+00
6.499999999999998224e+00
6.599999999999997868e+00
6.699999999999997513e+00
6.799999999999997158e+00
6.899999999999996803e+00
6.999999999999996447e+00
7.099999999999996092e+00
7.199999999999995737e+00
7.299999999999995381e+00
7.399999999999995026e+00
7.499999999999994671e+00
7.599999999999994316e+00
7.699999999999993960e+00
7.799999999999993605e+00
7.899999999999993250e+00
7.999999999999992895e+00
8.099999999999992539e+00
8.199999999999992184e+00
8.299999999999991829e+00
8.399999999999991473e+00
8.499999999999991118e+00
8.599999999999990763e+00
8.699999999999990408e+00
8.799999999999990052e+00
8.899999999999989697e+00
8.999999999999989342e+00
9.099999999999988987e+00
9.199999999999988631e+00
9.299999999999988276e+00
9.399999999999987921e+00
9.499999999999987566e+00
9.599999999999987210e+00
9.699999999999986855e+00
9.799999999999986500e+00
9.899999999999986144e+00
9.999999999999985789e+00
1.009999999999998543e+01
1.019999999999998508e+01
1.029999999999998472e+01
1.039999999999998437e+01
1.049999999999998401e+01
1.059999999999998366e+01
1.069999999999998330e+01
1.079999999999998295e+01
1.089999999999998259e+01
1.099999999999998224e+01
1.109999999999998188e+01
1.119999999999998153e+01
1.129999999999998117e+01
1.139999999999998082e+01
1.149999999999998046e+01
1.159999999999998010e+01
1.169999999999997975e+01
1.179999999999997939e+01
1.189999999999997904e+01
1.199999999999997868e+01
1.209999999999997833e+01
1.219999999999997797e+01
1.229999999999997762e+01
1.239999999999997726e+01
1.249999999999997691e+01
1.259999999999997655e+01
1.269999999999997620e+01
1.279999999999997584e+01
1.289999999999997549e+01
1.299999999999997513e+01
1.309999999999997478e+01
1.319999999999997442e+01
1.329999999999997407e+01
1.339999999999997371e+01
1.349999999999997335e+01
1.359999999999997300e+01
1.369999999999997264e+01
1.379999999999997229e+01
1.389999999999997193e+01
1.399999999999997158e+01
1.409999999999997122e+01
1.419999999999997087e+01
1.429999999999997051e+01
1.439999999999997016e+01
1.449999999999996980e+01
1.459999999999996945e+01
1.469999999999996909e+01
1.479999999999996874e+01
1.489999999999996838e+01
1.499999999999996803e+01
1.509999999999996767e+01
1.519999999999996732e+01
1.529999999999996696e+01
1.539999999999996660e+01
1.549999999999996625e+01
1.559999999999996589e+01
1.569999999999996554e+01
1.579999999999996518e+01
1.589999999999996483e+01
1.599999999999996447e+01
1.609999999999996589e+01
1.619999999999996376e+01
1.629999999999996163e+01
1.639999999999996305e+01
1.649999999999996447e+01
1.659999999999996234e+01
1.669999999999996021e+01
1.679999999999996163e+01
1.689999999999996305e+01
1.699999999999996092e+01
1.709999999999995879e+01
1.719999999999996021e+01
1.729999999999996163e+01
1.739999999999995950e+01
1.749999999999995737e+01
1.759999999999995879e+01
1.769999999999996021e+01
1.779999999999995808e+01
1.789999999999995595e+01
1.799999999999995737e+01
1.809999999999995879e+01
1.819999999999995666e+01
1.829999999999995453e+01
1.839999999999995595e+01
1.849999999999995737e+01
1.859999999999995524e+01
1.869999999999995310e+01
1.879999999999995453e+01
1.889999999999995595e+01
1.899999999999995381e+01
1.909999999999995168e+01
1.919999999999995310e+01
1.929999999999995453e+01
1.939999999999995239e+01
1.949999999999995026e+01
1.959999999999995168e+01
1.969999999999995310e+01
1.979999999999995097e+01
1.989999999999994884e+01
1.999999999999995026e+01
2.009999999999995168e+01
2.019999999999994955e+01
2.029999999999994742e+01
2.039999999999994884e+01
2.049999999999995026e+01
2.059999999999994813e+01
2.069999999999994600e+01
2.079999999999994742e+01
2.089999999999994884e+01
2.099999999999994671e+01
2.109999999999994458e+01
2.119999999999994600e+01
2.129999999999994742e+01
2.139999999999994529e+01
2.149999999999994316e+01
2.159999999999994458e+01
2.169999999999994600e+01
2.179999999999994387e+01
2.189999999999994174e+01
2.199999999999994316e+01
2.209999999999994458e+01
2.219999999999994245e+01
2.229999999999994031e+01
2.239999999999994174e+01
2.249999999999994316e+01
2.259999999999994102e+01
2.269999999999993889e+01
2.279999999999994031e+01
2.289999999999994174e+01
2.299999999999993960e+01
2.309999999999993747e+01
2.319999999999993889e+01
2.329999999999994031e+01
2.339999999999993818e+01
2.349999999999993605e+01
2.359999999999993747e+01
2.369999999999993889e+01
2.379999999999993676e+01
2.389999999999993463e+01
2.399999999999993605e+01
2.409999999999993747e+01
2.419999999999993534e+01
2.429999999999993321e+01
2.439999999999993463e+01
2.449999999999993605e+01
2.459999999999993392e+01
2.469999999999993179e+01
2.479999999999993321e+01
2.489999999999993463e+01
2.499999999999993250e+01
2.509999999999993037e+01
2.519999999999993179e+01
2.529999999999993321e+01
2.539999999999993108e+01
2.549999999999992895e+01
2.559999999999993037e+01
2.569999999999993179e+01
2.579999999999992966e+01
2.589999999999992752e+01
2.599999999999992895e+01
2.609999999999993037e+01
2.619999999999992824e+01
2.629999999999992610e+01
2.639999999999992752e+01
2.649999999999992895e+01
2.659999999999992681e+01
2.669999999999992468e+01
2.679999999999992610e+01
2.689999999999992752e+01
2.699999999999992539e+01
2.709999999999992326e+01
2.719999999999992468e+01
2.729999999999992610e+01
2.739999999999992397e+01
2.749999999999992184e+01
2.759999999999992326e+01
2.769999999999992468e+01
2.779999999999992255e+01
2.789999999999992042e+01
2.799999999999992184e+01
2.809999999999992326e+01
2.819999999999992113e+01
2.829999999999991900e+01
2.839999999999992042e+01
2.849999999999992184e+01
2.859999999999991971e+01
2.869999999999991758e+01
2.879999999999991900e+01
2.889999999999992042e+01
2.899999999999991829e+01
2.909999999999991616e+01
2.919999999999991758e+01
2.929999999999991900e+01
2.939999999999991687e+01
2.949999999999991473e+01
2.959999999999991616e+01
2.969999999999991758e+01
2.979999999999991545e+01
2.989999999999991331e+01
2.999999999999991473e+01
3.009999999999991616e+01
3.019999999999991402e+01
3.029999999999991189e+01
3.039999999999991331e+01
3.049999999999991473e+01
3.059999999999991260e+01
3.069999999999991047e+01
3.079999999999991189e+01
3.089999999999991331e+01
3.099999999999991118e+01
3.109999999999990905e+01
3.119999999999991047e+01
3.129999999999991189e+01
3.139999999999990976e+01
3.149999999999990763e+01
3.159999999999990905e+01
3.169999999999991047e+01
3.179999999999990834e+01
3.189999999999990621e+01
3.199999999999990763e+01
3.209999999999990905e+01
3.219999999999990337e+01
3.229999999999990479e+01
3.239999999999990621e+01
3.249999999999990763e+01
3.259999999999990905e+01
3.269999999999990337e+01
3.279999999999990479e+01
3.289999999999990621e+01
3.299999999999990052e+01
3.309999999999990195e+01
3.319999999999990337e+01
3.329999999999990479e+01
3.339999999999990621e+01
3.349999999999990052e+01
3.359999999999990195e+01
3.369999999999990337e+01
3.379999999999989768e+01
3.389999999999989910e+01
3.399999999999990052e+01
3.409999999999990195e+01
3.419999999999990337e+01
3.429999999999989768e+01
3.439999999999989910e+01
3.449999999999990052e+01
3.459999999999989484e+01
3.469999999999989626e+01
3.479999999999989768e+01
3.489999999999989910e+01
3.499999999999990052e+01
3.509999999999989484e+01
3.519999999999989626e+01
3.529999999999989768e+01
3.539999999999989200e+01
3.549999999999989342e+01
3.559999999999989484e+01
3.569999999999989626e+01
3.579999999999989768e+01
3.589999999999989200e+01
3.599999999999989342e+01
3.609999999999989484e+01
3.619999999999988916e+01
3.629999999999989058e+01
3.639999999999989200e+01
3.649999999999989342e+01
3.659999999999989484e+01
3.669999999999988916e+01
3.679999999999989058e+01
3.689999999999989200e+01
3.699999999999988631e+01
3.709999999999988773e+01
3.719999999999988916e+01
3.729999999999989058e+01
3.739999999999989200e+01
3.749999999999988631e+01
3.759999999999988773e+01
3.769999999999988916e+01
3.779999999999988347e+01
3.789999999999988489e+01
3.799999999999988631e+01
3.809999999999988773e+01
3.819999999999988916e+01
3.829999999999988347e+01
3.839999999999988489e+01
3.849999999999988631e+01
3.859999999999988063e+01
3.869999999999988205e+01
3.879999999999988347e+01
3.889999999999988489e+01
3.899999999999988631e+01
3.909999999999988063e+01
3.919999999999988205e+01
3.929999999999988347e+01
3.939999999999987779e+01
3.949999999999987921e+01
3.959999999999988063e+01
3.969999999999988205e+01
3.979999999999988347e+01
3.989999999999987779e+01
3.999999999999987921e+01
4.009999999999988063e+01
4.019999999999987494e+01
4.029999999999987637e+01
4.039999999999987779e+01
4.049999999999987921e+01
4.059999999999988063e+01
4.069999999999987494e+01
4.079999999999987637e+01
4.089999999999987779e+01
4.099999999999987210e+01
4.109999999999987352e+01
4.119999999999987494e+01
4.129999999999987637e+01
4.139999999999987779e+01
4.149999999999987210e+01
4.159999999999987352e+01
4.169999999999987494e+01
4.179999999999986926e+01
4.189999999999987068e+01
4.199999999999987210e+01
4.209999999999987352e+01
4.219999999999987494e+01
4.229999999999986926e+01
4.239999999999987068e+01
4.249999999999987210e+01
4.259999999999986642e+01
4.269999999999986784e+01
4.279999999999986926e+01
4.289999999999987068e+01
4.299999999999987210e+01
4.309999999999986642e+01
4.319999999999986784e+01
4.329999999999986926e+01
4.339999999999986358e+01
4.349999999999986500e+01
4.359999999999986642e+01
4.369999999999986784e+01
4.379999999999986926e+01
4.389999999999986358e+01
4.399999999999986500e+01
4.409999999999986642e+01
4.419999999999986073e+01
4.429999999999986215e+01
4.439999999999986358e+01
4.449999999999986500e+01
4.459999999999986642e+01
4.469999999999986073e+01
4.479999999999986215e+01
4.489999999999986358e+01
4.499999999999985789e+01
4.509999999999985931e+01
4.519999999999986073e+01
4.529999999999986215e+01
4.539999999999986358e+01
4.549999999999985789e+01
4.559999999999985931e+01
4.569999999999986073e+01
4.579999999999985505e+01
4.589999999999985647e+01
4.599999999999985789e+01
4.609999999999985931e+01
4.619999999999986073e+01
4.629999999999985505e+01
4.639999999999985647e+01
4.649999999999985789e+01
4.659999999999985221e+01
4.669999999999985363e+01
4.679999999999985505e+01
4.689999999999985647e+01
4.699999999999985789e+01
4.709999999999985221e+01
4.719999999999985363e+01
4.729999999999985505e+01
4.739999999999984936e+01
4.749999999999985079e+01
4.759999999999985221e+01
4.769999999999985363e+01
4.779999999999985505e+01
4.789999999999984936e+01
4.799999999999985079e+01
4.809999999999985221e+01
4.819999999999984652e+01
4.829999999999984794e+01
4.839999999999984936e+01
4.849999999999985079e+01
4.859999999999985221e+01
4.869999999999984652e+01
4.879999999999984794e+01
4.889999999999984936e+01
4.899999999999984368e+01
4.909999999999984510e+01
4.919999999999984652e+01
4.929999999999984794e+01
4.939999999999984936e+01
4.949999999999984368e+01
4.959999999999984510e+01
4.969999999999984652e+01
4.979999999999984084e+01
4.989999999999984226e+01
4.999999999999984368e+01
5.009999999999984510e+01
5.019999999999984652e+01
5.029999999999984084e+01
5.039999999999984226e+01
5.049999999999984368e+01
5.059999999999983800e+01
5.069999999999983942e+01
5.079999999999984084e+01
5.089999999999984226e+01
5.099999999999984368e+01
5.109999999999983800e+01
5.119999999999983942e+01
5.129999999999984084e+01
5.139999999999983515e+01
5.149999999999983658e+01
5.159999999999983800e+01
5.169999999999983942e+01
5.179999999999984084e+01
5.189999999999983515e+01
5.199999999999983658e+01
5.209999999999983800e+01
5.219999999999983231e+01
5.229999999999983373e+01
5.239999999999983515e+01
5.249999999999983658e+01
5.259999999999983800e+01
5.269999999999983231e+01
5.279999999999983373e+01
5.289999999999983515e+01
5.299999999999982947e+01
5.309999999999983089e+01
5.319999999999983231e+01
5.329999999999983373e+01
5.339999999999983515e+01
5.349999999999982947e+01
5.359999999999983089e+01
5.369999999999983231e+01
5.379999999999982663e+01
5.389999999999982805e+01
5.399999999999982947e+01
5.409999999999983089e+01
5.419999999999983231e+01
5.429999999999982663e+01
5.439999999999982805e+01
5.449999999999982947e+01
5.459999999999982379e+01
5.469999999999982521e+01
5.479999999999982663e+01
5.489999999999982805e+01
