1.305508166551589966e-01
1.906923204660415649e-02
1.387176848948001862e-02
1.065135095268487930e-02
8.386327885091304779e-03
7.099453359842300415e-03
6.089631002396345139e-03
5.378813948482275009e-03
5.011521745473146439e-03
4.745300393551588058e-03
4.421157296746969223e-03
4.296690225601196289e-03
4.055853933095932007e-03
4.036189988255500793e-03
3.752798307687044144e-03
3.782276995480060577e-03
3.622877178713679314e-03
3.515273332595825195e-03
3.416870022192597389e-03
3.326206933706998825e-03
3.228758461773395538e-03
3.091830527409911156e-03
3.027075901627540588e-03
2.966636326164007187e-03
2.966223750263452530e-03
2.873434685170650482e-03
2.821872942149639130e-03
2.804760588333010674e-03
2.783307572826743126e-03
2.707028295844793320e-03
2.738768700510263443e-03
2.628135029226541519e-03
2.604306908324360847e-03
2.588589908555150032e-03
2.551202662289142609e-03
2.564533380791544914e-03
2.476119436323642731e-03
2.446572761982679367e-03
2.431297209113836288e-03
2.445261692628264427e-03
2.414469607174396515e-03
2.371683018282055855e-03
2.282057655975222588e-03
2.254536608234047890e-03
2.255506347864866257e-03
2.230166690424084663e-03
2.221927046775817871e-03
2.191103762015700340e-03
2.143263351172208786e-03
2.113020978868007660e-03
2.124037127941846848e-03
2.160631120204925537e-03
2.042728941887617111e-03
2.064572181552648544e-03
1.989920856431126595e-03
2.013819525018334389e-03
1.936716842465102673e-03
2.000251086428761482e-03
1.989449374377727509e-03
1.940068439580500126e-03
1.881842967122793198e-03
1.894423970952630043e-03
1.903207856230437756e-03
1.859331969171762466e-03
1.806871965527534485e-03
1.795278862118721008e-03
1.806184300221502781e-03
1.810090849176049232e-03
1.764096203260123730e-03
1.732084085233509541e-03
1.729820272885262966e-03
1.771630835719406605e-03
1.726298127323389053e-03
1.680943649262189865e-03
1.669116318225860596e-03
1.658881548792123795e-03
1.654696767218410969e-03
1.643891213461756706e-03
1.674863393418490887e-03
1.625354983843863010e-03
1.627414370886981487e-03
1.637075329199433327e-03
1.646470394916832447e-03
1.595467561855912209e-03
1.602251897566020489e-03
1.610110281035304070e-03
