-4.876934453785223243e-03
-4.979900253043002128e-03
-5.086666816843372560e-03
-5.194286650959677003e-03
-5.302759201908415973e-03
-5.412084055470505091e-03
-5.522260932443288570e-03
-5.633289684610492086e-03
-5.745170290944659822e-03
-5.857902853859750167e-03
-5.971487595696906882e-03
-6.085924855266103967e-03
-6.201215084660842078e-03
-6.317358846014975438e-03
-6.434356808526353957e-03
-6.552209745528381896e-03
-6.670918531672597081e-03
-6.790484140217576542e-03
-6.910907640418353752e-03
-7.032190195019773563e-03
-7.154333057812326674e-03
-7.277337571258601229e-03
-7.401205164269081954e-03
-7.525937349950335108e-03
-7.651535723523539799e-03
-7.778001960277954041e-03
-7.905337813494428198e-03
-8.033545112638960234e-03
-8.162625761385362486e-03
-8.292581735884404018e-03
-8.446977941287302921e-03
-8.721164413826011652e-03
-9.001663697160034588e-03
-9.288558657605529637e-03
-9.581932332306858716e-03
-9.881867924692477878e-03
-1.018844880003023055e-02
-1.050175848096980558e-02
-1.082188064322650405e-02
-1.114889911119009043e-02
-1.148289785366174084e-02
-1.182396097967111301e-02
-1.217217273416552198e-02
-1.252761749393012033e-02
-1.289037976345307202e-02
-1.326054417085555451e-02
-1.363819546383927134e-02
-1.402341850567323002e-02
-1.441629827125635172e-02
-1.481691984318201337e-02
-1.522536840782629484e-02
-1.564172925150114982e-02
-1.606608775663486213e-02
-1.649852939797429377e-02
-1.693913973881455010e-02
-1.738800442728878279e-02
-1.784520919266113434e-02
-1.831083984165762790e-02
-1.878498225480917244e-02
-1.926772238290368894e-02
-1.975914624332524711e-02
-2.025933991657329417e-02
-2.076838954268535320e-02
-2.128638131777032400e-02
-2.181340149052130375e-02
-2.234953635877552983e-02
-2.289487226608598325e-02
-2.344949559832730859e-02
-2.401349278035803253e-02
-2.458695027258991223e-02
-2.516995456774652820e-02
-2.576259218753252506e-02
-2.694853254187603783e-02
-2.829153216839191270e-02
-2.966356748315752273e-02
-3.106491286737199028e-02
-3.249584262225913012e-02
-3.395663096013471632e-02
-3.544755199561579889e-02
-3.696887973677461664e-02
-3.852088807629793638e-02
-4.010385078274140286e-02
-4.171804149164758113e-02
-4.336373369685794094e-02
-4.504120074168446730e-02
-4.675071581019758088e-02
-4.849255191844831225e-02
-5.026698190578196557e-02
-5.207427842607278978e-02
-5.391471393907373844e-02
-5.578856070167589887e-02
-5.769609075925399844e-02
-5.963757593700486082e-02
-6.161328783124110642e-02
-6.362349780080185646e-02
-6.566847695838300136e-02
-6.774849616189672352e-02
-6.986382600588576797e-02
-7.201473681290558593e-02
-7.420149862491128012e-02
-7.642438119466551938e-02
-7.868365397718887766e-02
-8.097958612117220345e-02
-8.347410742511729431e-02
-8.770620328041142666e-02
-9.201535730680854286e-02
-9.640213532275938857e-02
-1.008671021864317313e-01
-1.054108217753633864e-01
-1.100338569659636695e-01
-1.147367696130355691e-01
-1.195201205292452939e-01
-1.243844694644985066e-01
-1.293303750853529999e-01
-1.343583949542545564e-01
-1.394690855088201453e-01
-1.446630020410429318e-01
-1.499406986764317828e-01
-1.553027283531139557e-01
-1.607496428008745593e-01
-1.662819925201483306e-01
-1.719003267609479635e-01
-1.776051935018108652e-01
-1.833971394285504597e-01
-1.892767099130849562e-01
-1.952444489922061932e-01
-2.013008993461623264e-01
-2.074466022773569507e-01
-2.136820976889126089e-01
-2.200079240631550581e-01
-2.276676115204039341e-01
-2.378953390291460857e-01
-2.482819223136995268e-01
-2.588282859554445481e-01
-2.695353511839203575e-01
-2.804040358281721379e-01
-2.914352542678310676e-01
-3.026299173839732681e-01
-3.139889325097414141e-01
-3.255132033808401104e-01
-3.372036300857443325e-01
-3.490611090156928720e-01
-3.610865328145596020e-01
-3.732807903283836271e-01
-3.856447665547901860e-01
-3.981793425922543483e-01
-4.108853955889175680e-01
-4.237637986915534505e-01
-4.368154209940338095e-01
-4.500411274857027966e-01
-4.634417789996214676e-01
-4.770182321604592990e-01
-4.907713393323893114e-01
-5.047019485665579230e-01
-5.254047082958080983e-01
-5.483602975054486794e-01
-5.716308375757030991e-01
-5.952177293084903731e-01
-6.191223626456233697e-01
-6.433461165339509069e-01
-6.678903587899724936e-01
-6.927564459638327898e-01
-7.179457232030647118e-01
-7.434595241155191880e-01
-7.692991706320844170e-01
-7.954659728688477927e-01
-8.219612289887867629e-01
-8.487862250629836236e-01
-8.759422349315487688e-01
-9.034305200640095901e-01
-9.312523294193149059e-01
-9.594088993054907810e-01
-9.879014532388858960e-01
-1.016731201803112272e+00
-1.045899342507492724e+00
-1.075407059645445695e+00
-1.105255524152173985e+00
-1.135445893462444067e+00
-1.165979311367777882e+00
-1.196856907873541376e+00
-1.228079799055685761e+00
-1.259649086917304928e+00
-1.291565859244911518e+00
-1.323831189464568681e+00
-1.356446136497759358e+00
-1.389411744617150335e+00
-1.422729043302117580e+00
-1.456399047094194099e+00
-1.490422755452398995e+00
-1.524801152608365129e+00
-1.559535207421576031e+00
-1.594625873234252200e+00
-1.630074087726437693e+00
-1.665880772770942597e+00
-1.702046834288296395e+00
-1.738573162101698433e+00
-1.775460629791996814e+00
-1.812710094552716811e+00
-1.850322397045244704e+00
-1.888298361253819557e+00
-1.926638794341090533e+00
-1.965344486503332710e+00
-2.004416210826182265e+00
-2.043854723140289043e+00
-2.091019616963824213e+00
-2.143534700065055976e+00
-2.196560888347641072e+00
-2.250098921682055941e+00
-2.304149509257703787e+00
-2.358713329340957010e+00
-2.413791029034557667e+00
-2.469383224038081082e+00
-2.525490498409827644e+00
-2.582113404329916317e+00
-2.639252461864774357e+00
-2.696908158733191563e+00
-2.755080950073834689e+00
-2.813771258214253557e+00
-2.872979472441595128e+00
-2.932705948774959381e+00
-2.992951009739646118e+00
-3.053714944142987164e+00
-3.114998006852212065e+00
-3.176800418574178497e+00
-3.239122365637183698e+00
-3.301963999774694791e+00
-3.365325437911377726e+00
-3.429206761951101523e+00
-3.493608018567360141e+00
-3.558529218996036914e+00
-3.623970338830218019e+00
-3.689931317817994216e+00
-3.756412059662111336e+00
-3.823412431822764468e+00
-3.890932265322760042e+00
-3.958971354555224309e+00
-4.027529457094449761e+00
-4.096606293509217345e+00
-4.166201547179143816e+00
-4.236314864114169687e+00
-4.306945852776585149e+00
-4.378094083906610479e+00
-4.449759090350932311e+00
-4.521940366894407148e+00
-4.594637370095075113e+00
-4.667849518122653585e+00
-4.743182342564286280e+00
-4.822683660181947829e+00
-4.902742735612059199e+00
-4.983358635011376769e+00
-5.064530379606761556e+00
-5.146256945545235162e+00
-5.228537263748373576e+00
-5.311370219772038936e+00
-5.394754653670891464e+00
-5.478689359867757958e+00
-5.563173087028370212e+00
-5.648204537940900494e+00
-5.733782369401238199e+00
-5.819905192103114189e+00
-5.906571570533901472e+00
-5.993780022875663249e+00
-6.081529020911892403e+00
-6.169816989939856278e+00
-6.258642308688507683e+00
-6.348003309242092662e+00
-6.437898276969844957e+00
-6.528325450461080592e+00
-6.619283021466845440e+00
-6.710769134846871431e+00
-6.802781888523290021e+00
-6.895319333439948295e+00
-6.988379473528232744e+00
-7.081960265678829636e+00
-7.176059619720374094e+00
-7.270675398403721346e+00
-7.365805417393294974e+00
-7.461447445264542289e+00
-7.557599203508122088e+00
-7.654258366540544145e+00
-7.751422561721617477e+00
-7.849089369378470238e+00
-7.947256322836342868e+00
-8.045885688210596243e+00
-8.144251550768183634e+00
-8.243105092400066169e+00
-8.342443708282525350e+00
-8.442264747572773231e+00
-8.542565513476967354e+00
-8.643343263325473202e+00
-8.744595208654937224e+00
-8.846318515297202367e+00
-8.948510303475510241e+00
-9.051167647907156777e+00
-9.154287577913972740e+00
-9.257867077539213341e+00
-9.361903085671785973e+00
-9.466392496177940430e+00
-9.571332158039510318e+00
-9.676718875499654260e+00
-9.782549408216082654e+00
-9.888820471420872948e+00
-9.995528736088092003e+00
-1.010267082910820591e+01
-1.021024333347018853e+01
-1.031824278845053122e+01
-1.042666568980972031e+01
-1.053550848999611311e+01
-1.064476759835669384e+01
-1.075443938135563293e+01
-1.086452016279974586e+01
-1.097500622407145876e+01
-1.108589380436901095e+01
-1.119717910095401514e+01
-1.130885826940597205e+01
-1.142092742388449444e+01
-1.153338263739863301e+01
-1.164348406085893473e+01
-1.174900673738166113e+01
-1.185487249166080304e+01
-1.196107780166985002e+01
-1.206761911042968016e+01
-1.217449282624908591e+01
-1.228169532297018129e+01
-1.238922294022023785e+01
-1.249707198366941796e+01
-1.260523872529362954e+01
-1.271371940364385900e+01
-1.282251022412062191e+01
-1.293160735925442317e+01
-1.304100694899176460e+01
-1.315070510098709811e+01
-1.326069789089963891e+01
-1.337098136269692716e+01
-1.348155152896254982e+01
-1.359240437121056999e+01
-1.370353584020486792e+01
-1.381494185628387328e+01
-1.392661830969072767e+01
-1.403856106090936073e+01
-1.415076594100474416e+01
-1.426322875196981421e+01
-1.437594526707619202e+01
-1.448891123123143743e+01
-1.460212236134016450e+01
-1.471557434667136555e+01
-1.482926284922982596e+01
-1.494318350413312224e+01
-1.505733191999332377e+01
-1.517170367930354047e+01
-1.528629433882920985e+01
-1.540109943000419079e+01
-1.551611445933164468e+01
-1.563133490878930409e+01
-1.574675623623949328e+01
-1.586237387584345981e+01
-1.597818323848007260e+01
-1.609417971216929288e+01
-1.621035866249933477e+01
-1.632671543305832174e+01
-1.644324534587030584e+01
-1.655994370183461584e+01
-1.667680578116987888e+01
-1.679382684386197511e+01
-1.691100213011501552e+01
-1.702832686080672886e+01
-1.714579623794753616e+01
-1.726340544514296482e+01
-1.738114964805933838e+01
-1.749902399489322491e+01
-1.761702361684421803e+01
-1.773514362859095428e+01
-1.785337912876963173e+01
-1.797172520045662125e+01
-1.809017691165297492e+01
-1.820872931577294906e+01
-1.832737745213415081e+01
-1.843959477867433350e+01
-1.854639353709690752e+01
-1.865326227635162226e+01
-1.876019691652834709e+01
-1.886719336685641935e+01
-1.897424752607217968e+01
-1.908135528278834059e+01
-1.918851251586463391e+01
-1.929571509478138225e+01
-1.940295888001354996e+01
-1.951023972340689738e+01
-1.961755346855604287e+01
-1.972489595118318206e+01
-1.983226299951903471e+01
-1.993965043468448073e+01
-2.004705407107399751e+01
-2.015446971674009191e+01
-2.026189317377839672e+01
-2.036932023871491637e+01
-2.047674670289325860e+01
-2.058416835286336877e+01
-2.069158097077078295e+01
-2.079898033474697172e+01
-2.090636221930015992e+01
-2.101372239570705247e+01
-2.112105663240483366e+01
-2.122836069538373849e+01
-2.133563034858040197e+01
-2.144286135427128315e+01
-2.155004947346604283e+01
-2.165719046630203337e+01
-2.176428009243804595e+01
-2.187131411144832782e+01
-2.197828828321751615e+01
-2.208519836833386663e+01
-2.219204012848369700e+01
-2.229880932684529071e+01
-2.240550172848177723e+01
-2.251211310073477634e+01
-2.261863921361691965e+01
-2.272507584020404536e+01
-2.283141875702649770e+01
-2.293766374446044409e+01
-2.304380658711813723e+01
-2.314984307423702603e+01
-2.325576900006842962e+01
-2.336158016426553985e+01
-2.346727237226947338e+01
-2.357284143569541257e+01
-2.367828317271644778e+01
-2.378359340844741254e+01
-2.388876797532639884e+01
-2.399380271349539484e+01
-2.408938861161851364e+01
-2.418313980007514274e+01
-2.427675344897572174e+01
-2.437022617424986848e+01
-2.446355459811827515e+01
-2.455673534937117353e+01
-2.464976506364605768e+01
-2.474264038370391816e+01
-2.483535795970485438e+01
-2.492791444948250401e+01
-2.502030651881684875e+01
-2.511253084170605376e+01
-2.520458410063731591e+01
-2.529646298685575800e+01
-2.538816420063234602e+01
-2.547968445153063755e+01
-2.557102045867115692e+01
-2.566216895099566031e+01
-2.575312666752845203e+01
-2.584389035763711107e+01
-2.593445678129096166e+01
-2.602482270931877650e+01
-2.611498492366336066e+01
-2.620494021763584769e+01
-2.629468539616733125e+01
-2.638421727605914668e+01
-2.647353268623090372e+01
-2.656262846796664689e+01
-2.665150147516000700e+01
-2.674014857455579985e+01
-2.682856664599092866e+01
-2.691675258263299853e+01
-2.700470329121611002e+01
-2.709241569227563318e+01
-2.717988672038016063e+01
-2.726711332436129709e+01
-2.735409246754183599e+01
-2.744082112796062844e+01
-2.752729629859672755e+01
-2.761351498758947187e+01
-2.769947421845768076e+01
-2.778517103031575175e+01
-2.787060247808770796e+01
-2.795576563271845671e+01
-2.804065758138296616e+01
-2.812527542769298350e+01
-2.820961629190074760e+01
-2.829177727794247588e+01
-2.836624440953877269e+01
-2.844045312009139437e+01
-2.851440109535589684e+01
-2.858808603433429241e+01
-2.866150564942149614e+01
-2.873465766654937781e+01
-2.880753982532891655e+01
-2.888014987919216026e+01
-2.895248559552983636e+01
-2.902454475582933568e+01
-2.909632515580956280e+01
-2.916782460555443635e+01
