1.100678518414497375e-01
1.458953134715557098e-02
1.070270501077175140e-02
6.972292438149452209e-03
5.190886557102203369e-03
4.386447370052337646e-03
3.912941552698612213e-03
3.535588970407843590e-03
3.323981771245598793e-03
3.104454604908823967e-03
2.977938624098896980e-03
2.789050340652465820e-03
2.705404534935951233e-03
2.650074427947402000e-03
2.528603188693523407e-03
2.442047232761979103e-03
2.428797772154211998e-03
2.335937926545739174e-03
2.308962401002645493e-03
2.286155242472887039e-03
2.254870953038334846e-03
2.212919062003493309e-03
2.184278797358274460e-03
2.095796400681138039e-03
2.089704619720578194e-03
2.065313514322042465e-03
2.046276116743683815e-03
1.993135083466768265e-03
1.929963356815278530e-03
1.841339981183409691e-03
1.865603029727935791e-03
1.832113368436694145e-03
1.866951817646622658e-03
1.830013003200292587e-03
1.757608726620674133e-03
1.770195667631924152e-03
1.728268573060631752e-03
1.696112914942204952e-03
1.735170255415141582e-03
1.657915650866925716e-03
1.673372462391853333e-03
1.665811170823872089e-03
1.596457441337406635e-03
1.589963911101222038e-03
1.622493145987391472e-03
