4.594854466933737114e-03
9.154526668179703910e-03
1.368757386382907920e-02
1.819715759915245534e-02
2.268097226066555228e-02
2.713688323443411154e-02
3.156290737866138812e-02
3.595718939096104877e-02
4.031797603694313448e-02
4.464449683226941884e-02
4.893604100144716140e-02
5.319112945051893832e-02
5.740833029857674019e-02
6.158624769708292979e-02
6.573679720567095208e-02
6.987658083567299672e-02
7.400159642971779195e-02
7.810812083992374477e-02
8.219265785811813441e-02
8.625743458937701336e-02
9.031430469891184309e-02
9.436258404325029159e-02
9.840159932606419579e-02
1.024307673629273746e-01
1.064496861742113276e-01
1.104576171675548113e-01
1.144538238292423654e-01
1.184387192551927953e-01
1.224117233033216179e-01
1.263722690148185168e-01
1.303197936760073783e-01
1.342537422056338248e-01
1.381736979229175322e-01
1.420806715841659851e-01
1.459743080670419801e-01
1.498542635537263856e-01
1.537202008437164313e-01
1.575717905249055251e-01
1.614087085348067940e-01
1.652306368205638809e-01
1.690372592893472359e-01
1.728282635288509173e-01
1.766038775984073717e-01
1.803638243987750744e-01
1.841075549409017797e-01
1.878345130446240907e-01
1.915441307395239767e-01
1.952358276797444281e-01
1.989090071020183370e-01
2.025673158939766683e-01
2.062110622873916665e-01
2.098399961298320904e-01
2.134561552196723722e-01
2.170597822963670487e-01
2.206507434327199813e-01
2.242289154348142688e-01
2.277980570816670325e-01
2.313598926412714363e-01
2.349137448894220714e-01
2.384589898480108383e-01
2.419950358600688745e-01
2.455213215863938647e-01
2.490373189840255630e-01
2.525425243292280242e-01
2.560364548323849077e-01
2.595195172850245924e-01
2.629926241232048989e-01
2.664555319890841711e-01
2.699080089708555952e-01
2.733498323586695533e-01
2.767807941010539952e-01
2.802006895911447470e-01
2.836093270712101155e-01
2.870076446456786279e-01
2.903956359053962433e-01
2.937731328566384748e-01
2.971399694145020476e-01
3.004959850503933216e-01
3.038416134966482884e-01
3.071768533407039925e-01
3.105014582000871215e-01
3.138151795447865489e-01
3.171177653096931559e-01
3.204089589738019495e-01
3.236884963130386983e-01
3.269561076792068532e-01
3.302115148818177692e-01
3.334544288837583137e-01
3.366845473659883514e-01
3.399023033830918528e-01
3.431077041791074644e-01
3.463005681439164651e-01
3.494807042611109416e-01
3.526479185428610386e-01
3.558020006100522936e-01
3.589427405035171548e-01
3.620699220786889883e-01
3.651833096842992399e-01
3.682826616867355130e-01
3.713691804219384496e-01
3.744442944239657067e-01
3.775097678147724678e-01
3.805688410673698230e-01
3.836211351776113720e-01
3.866691814657926551e-01
3.897124504315558902e-01
3.927504233460087368e-01
3.957825965959602676e-01
3.988084734122699371e-01
4.018275701180830106e-01
4.048394053850238872e-01
4.078435075449139968e-01
4.108393976695803307e-01
4.138265946380401683e-01
4.168073666379934483e-01
4.197832450957657002e-01
4.227539082215912014e-01
4.257190473437457712e-01
4.286783650216205444e-01
4.316315569419003628e-01
4.345783218991702279e-01
4.375183697864696852e-01
4.404513989087868731e-01
4.433771137433238918e-01
4.462961414867501753e-01
4.492086956606134995e-01
4.521154998274137249e-01
4.550163299569051634e-01
4.579109520939780853e-01
4.607991489907914961e-01
4.636806954250270452e-01
4.665553719105511310e-01
4.694229639421652611e-01
4.722832421858843555e-01
4.751359967077466995e-01
4.779809968652950491e-01
4.808180180804524917e-01
4.836468411174142390e-01
4.864672231289113857e-01
4.892789276573722423e-01
4.920817172333146750e-01
4.948753399356929372e-01
4.976595308481376323e-01
5.004340329159381318e-01
5.031985735962470896e-01
5.059546601798914356e-01
5.087043605641056176e-01
5.114474869072713759e-01
5.141858399882804909e-01
5.169202887895025800e-01
5.196506710899621018e-01
5.223768186666571944e-01
5.250985689149658686e-01
5.278157567610753942e-01
5.305282182187627260e-01
5.332357856365768090e-01
5.359382927191229662e-01
5.386355684510821806e-01
5.413274424816110209e-01
5.440137400082603047e-01
5.466942832306340705e-01
5.493688929430905477e-01
5.520373828043734221e-01
5.547005109748882612e-01
5.573587487351413516e-01
5.600120191238421308e-01
5.626602447697517384e-01
5.653033477871032275e-01
5.679412494901434627e-01
5.705738702905260862e-01
5.732011294976364635e-01
5.758246766535507488e-01
5.784447149102551755e-01
5.810611183048391970e-01
5.836737540980841965e-01
5.862824987545907085e-01
5.888872295165125115e-01
5.914878245874224394e-01
5.940841626091417638e-01
5.966761225421128856e-01
5.992635835681117129e-01
6.018464235288765174e-01
6.044244979985176069e-01
6.069976662318823379e-01
6.095658389440544722e-01
6.121288722318206643e-01
6.146866310637573161e-01
6.172389944077774082e-01
6.197858612602032968e-01
6.223270851043248841e-01
6.248625228942111809e-01
6.273920634386418449e-01
6.299155528935060921e-01
6.324328527863348759e-01
6.349438290726802103e-01
6.374495772829225082e-01
6.399502872102565965e-01
6.424458447407191963e-01
6.449361352210868370e-01
6.474210562212543429e-01
6.499004774918500926e-01
6.523742855264444973e-01
6.548423622764139029e-01
6.573045650736579759e-01
6.597607721285576599e-01
6.622108490006500814e-01
6.646546464041306335e-01
6.670920287175438057e-01
6.695228422757116826e-01
6.719469274062478403e-01
6.743652552593090155e-01
6.767782046529182693e-01
6.791856401109105379e-01
6.815874151935092939e-01
6.839833653828673032e-01
6.863733473448879741e-01
6.887577897049598219e-01
6.911393227224609248e-01
6.935177596107797715e-01
6.958928987141663747e-01
6.982645780520960743e-01
7.006331090865297595e-01
7.030001102978264971e-01
7.053653229482627074e-01
7.077285160624496863e-01
7.100894374406840903e-01
7.124478413966027768e-01
7.148034741975346495e-01
7.171560775136014421e-01
7.195053961619090055e-01
7.218517176746749309e-01
7.241953173960818946e-01
7.265360650293494205e-01
7.288738219321287959e-01
7.312084458189946901e-01
7.335397982104847614e-01
7.358677371843516113e-01
7.381921185752025050e-01
7.405127959523235548e-01
7.428296252981422265e-01
7.451424530112161770e-01
7.474511232373650671e-01
7.497554896777673950e-01
7.520554030175216065e-01
7.543506895859797279e-01
7.566412008651124399e-01
7.589273358089421162e-01
7.612099711692714710e-01
7.634889784437792759e-01
7.657642690269811370e-01
7.680357284050122191e-01
7.703032379664284113e-01
7.725666685913172849e-01
7.748258969206300861e-01
7.770808032504085139e-01
7.793312473265381346e-01
7.815770984619886397e-01
7.838182096316834713e-01
7.860544404405943597e-01
7.882856364559593931e-01
7.905139166145812579e-01
7.927398330758435030e-01
7.949632190399386067e-01
7.971842010089658093e-01
7.994027767718553390e-01
8.016188166746848198e-01
8.038321642302606040e-01
8.060426577238698487e-01
8.082501283093083133e-01
8.104544032015603694e-01
8.126553127946755106e-01
8.148527070447886267e-01
8.170464103557160129e-01
8.192362436957669747e-01
8.214220349076862826e-01
8.236035848613997290e-01
8.257807370426617499e-01
8.279532972583696360e-01
8.301210606676934223e-01
8.322838559752454568e-01
8.344414852861173904e-01
8.365937350061614097e-01
8.387404177117832038e-01
8.408815974763738099e-01
8.430177401818204075e-01
8.451486359609879928e-01
8.472740665418504458e-01
8.493938172420606447e-01
8.515076746479735004e-01
8.536154187601423526e-01
8.557168202182677819e-01
8.578116519669390927e-01
8.598996806370787782e-01
8.619806580850930544e-01
8.640543434682182999e-01
8.661204825916420935e-01
8.681788116201302197e-01
8.702290687861150564e-01
8.722709756070424758e-01
8.743047479442553893e-01
8.763303056375211231e-01
8.783473559724126467e-01
8.803555795518226423e-01
8.823546913735900166e-01
8.843443785952425085e-01
8.863243108849682139e-01
8.882941903094428993e-01
8.902536762190791375e-01
8.922023570760155842e-01
8.941399018871953874e-01
8.960659742707672848e-01
8.979802283590958556e-01
8.998822805499708810e-01
9.017718005318827723e-01
9.036484328990531667e-01
9.055117994454604524e-01
9.073615231348675092e-01
9.091972437374659100e-01
9.110185924199920571e-01
9.128251631249961751e-01
9.146166030357525401e-01
9.163924971695749377e-01
9.181524159465369594e-01
9.198959431153613808e-01
9.216227220077675142e-01
9.233323688156177544e-01
9.250245014831748325e-01
9.266987255466191398e-01
9.283546769312077673e-01
9.299919875764763866e-01
9.316103055260197552e-01
9.332092286499605871e-01
9.347882678136154588e-01
9.363471091706231375e-01
9.378853970639858817e-01
9.394028976006668641e-01
9.408993454665744993e-01
9.423744968292382396e-01
9.438281045775603895e-01
9.452599577064043634e-01
9.466698516822641407e-01
9.480575956609391675e-01
9.494230195689958851e-01
9.507659878253018615e-01
9.520863732715164618e-01
9.533840627370607779e-01
9.546589526788969993e-01
9.559109497406440559e-01
9.571414129362324497e-01
9.583513473346600975e-01
9.595406721622120605e-01
9.607093024256754266e-01
9.618572478601642439e-01
9.629844524935365913e-01
9.640908659297653394e-01
9.651764756057390482e-01
9.662412276091058017e-01
9.672851192551731314e-01
9.683081271433130466e-01
9.693102368083359455e-01
9.702914568064004985e-01
9.712517833069888029e-01
9.721911956049718029e-01
9.731096751551293611e-01
9.740072231937838554e-01
9.748838535803452388e-01
9.757397266590714935e-01
9.765749537465993058e-01
9.773896215101166574e-01
9.781838744577827649e-01
9.789577986370806562e-01
9.797115151548292378e-01
9.804451481955159808e-01
9.811588236981290123e-01
9.818527090265938284e-01
9.825270850873047968e-01
9.831821735760929437e-01
9.838181570841322277e-01
9.844352177456461295e-01
9.850335906879248427e-01
9.856135103344089154e-01
9.861751406600041125e-01
9.867187376051786973e-01
9.872453330737980259e-01
9.877554180359718883e-01
9.882491089384631833e-01
9.887266276713708724e-01
9.891881656636544173e-01
9.896339208867376280e-01
9.900641127764906457e-01
9.904794382088291105e-01
9.908812500184348560e-01
9.912697824999785468e-01
9.916452396829632532e-01
9.920078365040927437e-01
9.923577882450809184e-01
9.926952581754114879e-01
9.930205840904203773e-01
9.933340309161156068e-01
9.936358549726821421e-01
9.939263181318607199e-01
9.942056791576771024e-01
9.944742370913144391e-01
9.947322432126683989e-01
9.949799769833100882e-01
9.952177353673848925e-01
9.954458283512688244e-01
9.956645353616562222e-01
9.958741023165726958e-01
9.960748150129177247e-01
9.962669924790803488e-01
9.964509124362682657e-01
9.966268462310594600e-01
9.967950633728615006e-01
9.969558199012757971e-01
9.971094235865798350e-01
9.972561034636057142e-01
9.973961042015319078e-01
9.975296650235981888e-01
9.976570684068982731e-01
9.977785522281632513e-01
9.978943470676889804e-01
9.980046887820264168e-01
9.981097941111624072e-01
9.982098664770434615e-01
9.983051043777060318e-01
9.983957204506410665e-01
9.984819339706894059e-01
9.985639265683516896e-01
9.986418864228197023e-01
9.987159839017036855e-01
9.987863796733077448e-01
9.988532371926706066e-01
9.989167483806158376e-01
9.989770820866956669e-01
9.990344272326837638e-01
9.990888713523743414e-01
9.991405139667205448e-01
9.991894760698210032e-01
9.992358719686676993e-01
9.992798617823592799e-01
9.993215776540325113e-01
9.993611285538344102e-01
9.993986128870580021e-01
9.994341287658367046e-01
9.994677832682299368e-01
9.994996588919843328e-01
9.995298358661691696e-01
9.995584050034490575e-01
9.995854453232250192e-01
9.996110366124789648e-01
9.996352564117765294e-01
9.996581661750739700e-01
9.996798306829588476e-01
9.997003192801138249e-01
9.997196882158955189e-01
9.997379950333924459e-01
9.997553046374176855e-01
9.997716577759625523e-01
9.997871073825909116e-01
9.998017030285738516e-01
9.998154866312549682e-01
9.998285036100146295e-01
9.998407976323723245e-01
9.998524006030734546e-01
9.998633519200185171e-01
9.998736840032454998e-01
9.998834377751945057e-01
9.998926408954160738e-01
9.999013209520887235e-01
9.999095093091115993e-01
9.999172309368643541e-01
9.999245105063643280e-01
9.999313736161937749e-01
9.999378456779072222e-01
9.999439455735475990e-01
9.999496935916759588e-01
9.999551104063403306e-01
9.999602107768249537e-01
9.999650146089169578e-01
9.999695372300152485e-01
9.999737943092847914e-01
9.999778039811612063e-01
9.999815808978621545e-01
9.999851381052965449e-01
9.999884858105624330e-01
9.999916359297414958e-01
9.999945965637072609e-01
9.999973782539685052e-01
1.000000000000000888e+00
