1.165112629532814026e-01
1.856718957424163818e-02
1.468664687126874924e-02
1.256502326577901840e-02
1.044688094407320023e-02
8.964572101831436157e-03
7.971085608005523682e-03
6.157377734780311584e-03
4.728122614324092865e-03
4.177138675004243851e-03
3.907057456672191620e-03
3.560450626537203789e-03
3.389335935935378075e-03
3.307221923023462296e-03
3.091758349910378456e-03
2.979586599394679070e-03
2.904045861214399338e-03
2.793688094243407249e-03
2.675372641533613205e-03
2.580305561423301697e-03
2.486367011442780495e-03
2.423130907118320465e-03
2.413878915831446648e-03
2.278121886774897575e-03
2.242962131276726723e-03
2.175508765503764153e-03
2.134307986125349998e-03
2.089835237711668015e-03
2.030946779996156693e-03
1.984070520848035812e-03
1.972516765817999840e-03
1.897505135275423527e-03
1.861824071966111660e-03
1.830208580940961838e-03
1.831654575653374195e-03
1.789631322026252747e-03
1.744676381349563599e-03
1.718764309771358967e-03
1.690705656073987484e-03
1.651897444389760494e-03
1.651488710194826126e-03
1.622717012651264668e-03
1.599701936356723309e-03
1.550305401906371117e-03
1.542990445159375668e-03
1.530704670585691929e-03
1.508283661678433418e-03
1.515429932624101639e-03
1.478841062635183334e-03
1.469861599616706371e-03
1.446673064492642879e-03
1.407284522429108620e-03
1.420549931935966015e-03
1.391659257933497429e-03
1.415219740010797977e-03
1.371347228996455669e-03
1.382993650622665882e-03
1.380577101372182369e-03
1.365069998428225517e-03
1.348606543615460396e-03
1.347251702100038528e-03
1.332279643975198269e-03
1.315390458330512047e-03
1.305766520090401173e-03
1.311183674260973930e-03
1.287260209210216999e-03
1.307563390582799911e-03
1.281936070881783962e-03
1.274484442546963692e-03
1.286833314225077629e-03
1.246470608748495579e-03
1.245813444256782532e-03
1.217947923578321934e-03
